'timestamp' 	 'F1Value' 	 'F2Value' 
'numInterv' 	 1000 
0.005 	 --undefined-- 	 --undefined-- 
0.015 	 --undefined-- 	 --undefined-- 
0.025 	 --undefined-- 	 --undefined-- 
0.035 	 442.9 	 1968.1 
0.045 	 273.4 	 1726.2 
0.055 	 482.1 	 1847.3 
0.065 	 550.4 	 2007.4 
0.075 	 307.3 	 1781.1 
0.085 	 364.8 	 1598.2 
0.095 	 298.6 	 1305.4 
0.105 	 371.7 	 1419.7 
0.115 	 414.2 	 1707.4 
0.125 	 879.5 	 2213.6 
0.135 	 1228.1 	 2536.7 
0.145 	 675.3 	 2013.6 
0.155 	 331.9 	 1778.0 
0.165 	 433.3 	 1780.1 
0.175 	 536.8 	 1670.1 
0.185 	 552.5 	 1686.6 
0.195 	 568.4 	 1758.2 
0.205 	 583.3 	 1723.8 
0.215 	 585.7 	 1665.8 
0.225 	 570.9 	 1652.8 
0.235 	 551.7 	 1726.4 
0.245 	 574.2 	 1743.7 
0.255 	 573.5 	 1718.7 
0.265 	 530.4 	 1778.5 
0.275 	 517.2 	 2037.6 
0.285 	 516.8 	 2065.9 
0.295 	 491.4 	 1762.3 
0.305 	 499.0 	 1527.6 
0.315 	 561.6 	 1660.5 
0.325 	 601.8 	 1881.4 
0.335 	 463.8 	 1922.6 
0.345 	 773.2 	 2315.9 
0.355 	 1093.2 	 2474.7 
0.365 	 1292.5 	 2694.5 
0.375 	 983.8 	 2360.6 
0.385 	 359.2 	 1678.1 
0.395 	 362.6 	 1766.0 
0.405 	 391.0 	 1584.6 
0.415 	 400.3 	 1463.4 
0.425 	 354.9 	 1630.1 
0.435 	 345.5 	 1617.2 
0.445 	 340.0 	 1614.4 
0.455 	 318.4 	 1697.1 
0.465 	 322.7 	 1693.0 
0.475 	 378.8 	 1594.5 
0.485 	 436.1 	 1461.2 
0.495 	 485.1 	 1791.4 
0.505 	 474.6 	 1816.0 
0.515 	 446.2 	 1569.3 
0.525 	 983.4 	 2243.9 
0.535 	 891.5 	 2240.4 
0.545 	 227.8 	 1803.3 
0.555 	 246.8 	 1901.8 
0.565 	 306.3 	 1641.1 
0.575 	 574.3 	 1701.7 
0.585 	 615.6 	 1863.6 
0.595 	 388.4 	 1689.4 
0.605 	 392.6 	 1668.0 
0.615 	 486.4 	 1563.2 
0.625 	 657.9 	 1567.3 
0.635 	 774.4 	 1367.3 
0.645 	 757.2 	 1324.6 
0.655 	 742.4 	 1884.8 
0.665 	 790.0 	 2099.5 
0.675 	 631.6 	 1812.3 
0.685 	 504.1 	 1683.4 
0.695 	 576.4 	 1848.0 
0.705 	 531.0 	 1703.6 
0.715 	 439.6 	 1532.3 
0.725 	 400.3 	 1566.9 
0.735 	 864.6 	 2164.4 
0.745 	 1122.1 	 2725.5 
0.755 	 596.3 	 2066.3 
0.765 	 998.6 	 2218.2 
0.775 	 1038.3 	 2537.1 
0.785 	 481.7 	 2152.7 
0.795 	 491.2 	 2061.3 
0.805 	 730.7 	 1941.0 
0.815 	 811.4 	 2091.6 
0.825 	 445.4 	 1920.2 
0.835 	 618.4 	 1865.8 
0.845 	 953.8 	 2360.4 
0.855 	 1089.3 	 2613.3 
0.865 	 1130.9 	 2647.5 
0.875 	 1139.2 	 2423.5 
0.885 	 1051.8 	 2110.2 
0.895 	 515.5 	 1933.2 
0.905 	 246.2 	 1823.6 
0.915 	 415.7 	 1898.5 
0.925 	 374.3 	 1794.4 
0.935 	 840.6 	 2235.4 
0.945 	 848.5 	 2291.3 
0.955 	 1095.9 	 2392.6 
0.965 	 1213.1 	 2602.6 
0.975 	 491.4 	 2217.0 
0.985 	 404.1 	 2062.8 
0.995 	 343.2 	 1828.1 
1.005 	 330.0 	 1698.7 
1.015 	 241.2 	 1712.8 
1.025 	 565.5 	 2004.0 
1.035 	 638.1 	 2029.1 
1.045 	 568.2 	 1937.4 
1.055 	 1011.5 	 2175.5 
1.065 	 1400.8 	 2626.2 
1.075 	 922.6 	 2326.2 
1.085 	 214.0 	 1723.4 
1.095 	 954.6 	 2156.6 
1.105 	 1449.9 	 2492.8 
1.115 	 794.6 	 1955.2 
1.125 	 461.5 	 1629.0 
1.135 	 566.1 	 1850.9 
1.145 	 708.3 	 2049.2 
1.155 	 955.6 	 2161.1 
1.165 	 624.0 	 2070.2 
1.175 	 260.6 	 1806.5 
1.185 	 395.3 	 1658.9 
1.195 	 1079.7 	 2230.0 
1.205 	 1046.8 	 2202.5 
1.215 	 764.5 	 1846.4 
1.225 	 1424.7 	 2407.3 
1.235 	 1246.9 	 2429.8 
1.245 	 772.4 	 1939.9 
1.255 	 951.8 	 1814.4 
1.265 	 1299.2 	 2340.4 
1.275 	 837.3 	 2216.8 
1.285 	 556.2 	 2030.0 
1.295 	 747.7 	 2075.6 
1.305 	 603.5 	 1754.7 
1.315 	 615.2 	 1438.1 
1.325 	 694.3 	 1639.2 
1.335 	 638.1 	 1867.8 
1.345 	 508.3 	 1693.6 
1.355 	 505.8 	 1877.4 
1.365 	 532.9 	 1953.7 
1.375 	 533.0 	 2114.0 
1.385 	 852.4 	 2268.4 
1.395 	 1166.2 	 2223.6 
1.405 	 985.9 	 2089.8 
1.415 	 766.9 	 1809.9 
1.425 	 941.7 	 1955.4 
1.435 	 977.3 	 2198.3 
1.445 	 906.8 	 2007.8 
1.455 	 1429.5 	 1906.8 
1.465 	 1393.5 	 1949.9 
1.475 	 1031.5 	 2274.8 
1.485 	 723.4 	 2112.2 
1.495 	 331.1 	 1638.5 
1.505 	 340.5 	 1621.3 
1.515 	 393.3 	 1696.0 
1.525 	 448.6 	 1679.8 
1.535 	 435.1 	 1912.2 
1.545 	 736.1 	 2274.5 
1.555 	 561.4 	 2058.2 
1.565 	 922.9 	 2520.0 
1.575 	 1376.2 	 2645.9 
1.585 	 740.8 	 1834.8 
1.595 	 932.6 	 2140.0 
1.605 	 784.3 	 2205.3 
1.615 	 273.1 	 1645.6 
1.625 	 399.5 	 1635.8 
1.635 	 459.3 	 1848.8 
1.645 	 470.6 	 1981.2 
1.655 	 519.0 	 1910.2 
1.665 	 533.7 	 1751.9 
1.675 	 471.4 	 1803.7 
1.685 	 658.9 	 2120.3 
1.695 	 804.8 	 2330.6 
1.705 	 587.2 	 2203.5 
1.715 	 542.4 	 2079.3 
1.725 	 524.7 	 2011.9 
1.735 	 426.8 	 1944.5 
1.745 	 646.4 	 1922.2 
1.755 	 675.2 	 1834.8 
1.765 	 1227.8 	 2460.1 
1.775 	 1854.4 	 2984.6 
1.785 	 1384.5 	 2517.5 
1.795 	 677.0 	 2170.9 
1.805 	 365.4 	 2085.0 
1.815 	 1207.8 	 2199.9 
1.825 	 1927.3 	 2553.9 
1.835 	 1504.6 	 2491.4 
1.845 	 735.1 	 1927.9 
1.855 	 362.2 	 1661.9 
1.865 	 401.3 	 1688.5 
1.875 	 252.1 	 1670.9 
1.885 	 592.4 	 1980.9 
1.895 	 815.7 	 2126.6 
1.905 	 1067.6 	 2297.6 
1.915 	 934.3 	 2297.1 
1.925 	 327.8 	 1890.7 
1.935 	 998.4 	 2439.7 
1.945 	 1017.8 	 2379.7 
1.955 	 547.2 	 1898.7 
1.965 	 790.0 	 2178.2 
1.975 	 904.5 	 2335.4 
1.985 	 547.4 	 1744.9 
1.995 	 337.2 	 1316.2 
2.005 	 543.3 	 1683.1 
2.015 	 619.7 	 1885.1 
2.025 	 590.9 	 1896.1 
2.035 	 423.7 	 1786.7 
2.045 	 389.3 	 1894.9 
2.055 	 362.0 	 2133.5 
2.065 	 1074.4 	 2380.4 
2.075 	 1090.8 	 2203.8 
2.085 	 350.9 	 1833.6 
2.095 	 729.9 	 1943.1 
2.105 	 724.4 	 1969.1 
2.115 	 389.2 	 1775.5 
2.125 	 402.5 	 1760.2 
2.135 	 317.4 	 1702.2 
2.145 	 274.1 	 1623.2 
2.155 	 736.6 	 1932.6 
2.165 	 738.0 	 1776.5 
2.175 	 505.7 	 1764.0 
2.185 	 458.1 	 2002.6 
2.195 	 651.8 	 2007.7 
2.205 	 1258.7 	 2410.7 
2.215 	 811.3 	 2211.2 
2.225 	 227.3 	 1725.3 
2.235 	 333.3 	 1787.4 
2.245 	 416.7 	 1937.6 
2.255 	 428.1 	 1928.8 
2.265 	 925.4 	 2218.9 
2.275 	 1460.2 	 2562.1 
2.285 	 1565.9 	 2744.4 
2.295 	 1491.5 	 2480.1 
2.305 	 1316.1 	 1961.5 
2.315 	 859.1 	 1833.2 
2.325 	 399.8 	 1689.2 
2.335 	 706.5 	 1820.1 
2.345 	 1038.0 	 2044.7 
2.355 	 951.9 	 1990.3 
2.365 	 1404.8 	 2270.4 
2.375 	 1687.9 	 2309.1 
2.385 	 1276.9 	 1929.3 
2.395 	 1027.8 	 1905.6 
2.405 	 945.5 	 1898.7 
2.415 	 777.0 	 1763.5 
2.425 	 887.4 	 1898.9 
2.435 	 1091.7 	 2168.1 
2.445 	 627.9 	 1810.0 
2.455 	 476.7 	 1550.4 
2.465 	 555.3 	 1799.9 
2.475 	 566.5 	 2072.8 
2.485 	 942.1 	 2262.4 
2.495 	 1304.4 	 2193.1 
2.505 	 986.2 	 1967.9 
2.515 	 604.7 	 1957.4 
2.525 	 666.2 	 2089.5 
2.535 	 731.2 	 2062.4 
2.545 	 716.2 	 1890.5 
2.555 	 561.5 	 1795.0 
2.565 	 467.1 	 1845.5 
2.575 	 592.8 	 1966.4 
2.585 	 1364.4 	 2674.5 
2.595 	 1233.6 	 2700.8 
2.605 	 540.8 	 2029.8 
2.615 	 529.9 	 1823.6 
2.625 	 478.5 	 1730.9 
2.635 	 874.1 	 2026.1 
2.645 	 1476.1 	 2455.7 
2.655 	 1034.3 	 2149.2 
2.665 	 867.5 	 1923.8 
2.675 	 798.5 	 1921.6 
2.685 	 262.5 	 1691.9 
2.695 	 230.5 	 1765.7 
2.705 	 821.8 	 2349.5 
2.715 	 995.7 	 2293.7 
2.725 	 515.2 	 1865.7 
2.735 	 451.3 	 2058.5 
2.745 	 766.7 	 2280.2 
2.755 	 950.5 	 2421.8 
2.765 	 657.3 	 2193.2 
2.775 	 401.4 	 1987.3 
2.785 	 793.9 	 2225.8 
2.795 	 913.3 	 2368.0 
2.805 	 1241.6 	 2205.2 
2.815 	 2125.5 	 2448.5 
2.825 	 2251.4 	 3265.2 
2.835 	 1307.3 	 2991.9 
2.845 	 384.1 	 2194.8 
2.855 	 283.4 	 2013.5 
2.865 	 270.8 	 1919.9 
2.875 	 367.6 	 1889.0 
2.885 	 366.3 	 1821.0 
2.895 	 1262.1 	 2727.7 
2.905 	 1848.4 	 3019.2 
2.915 	 965.1 	 2185.2 
2.925 	 441.5 	 2071.1 
2.935 	 551.7 	 2216.0 
2.945 	 894.0 	 2253.7 
2.955 	 1103.5 	 2207.7 
2.965 	 1523.4 	 2086.4 
2.975 	 1921.5 	 2424.2 
2.985 	 1115.2 	 2414.5 
2.995 	 411.0 	 2056.6 
3.005 	 299.6 	 2102.2 
3.015 	 1021.6 	 2601.6 
3.025 	 1149.3 	 2646.2 
3.035 	 445.6 	 2278.7 
3.045 	 1153.4 	 2676.0 
3.055 	 1166.0 	 2366.0 
3.065 	 455.9 	 1792.3 
3.075 	 334.1 	 1827.2 
3.085 	 701.4 	 1987.5 
3.095 	 667.3 	 1839.0 
3.105 	 221.3 	 1593.9 
3.115 	 331.9 	 1812.8 
3.125 	 384.7 	 1874.8 
3.135 	 382.5 	 1782.2 
3.145 	 383.7 	 1797.3 
3.155 	 416.6 	 1779.4 
3.165 	 328.4 	 1751.6 
3.175 	 884.6 	 2390.6 
3.185 	 1656.6 	 3125.9 
3.195 	 1685.2 	 3025.6 
3.205 	 1037.7 	 2278.4 
3.215 	 420.1 	 1870.0 
3.225 	 374.4 	 1894.3 
3.235 	 333.9 	 1840.9 
3.245 	 869.8 	 2283.4 
3.255 	 877.3 	 2089.1 
3.265 	 669.0 	 1839.3 
3.275 	 1000.5 	 2189.1 
3.285 	 1026.5 	 2322.1 
3.295 	 689.1 	 2143.0 
3.305 	 968.7 	 2318.5 
3.315 	 905.4 	 2283.3 
3.325 	 587.4 	 1822.9 
3.335 	 1098.4 	 1843.6 
3.345 	 702.6 	 1901.7 
3.355 	 266.4 	 1945.9 
3.365 	 362.2 	 1895.3 
3.375 	 331.1 	 1909.0 
3.385 	 632.5 	 2070.7 
3.395 	 651.5 	 1824.2 
3.405 	 741.1 	 1456.4 
3.415 	 1259.5 	 2181.7 
3.425 	 1193.1 	 2623.5 
3.435 	 779.3 	 2061.5 
3.445 	 572.0 	 1822.8 
3.455 	 775.2 	 2006.4 
3.465 	 1193.8 	 2464.4 
3.475 	 1557.2 	 2736.4 
3.485 	 1159.8 	 2391.8 
3.495 	 794.1 	 2049.8 
3.505 	 1054.2 	 1990.9 
3.515 	 1152.0 	 2055.7 
3.525 	 1132.2 	 1763.6 
3.535 	 661.2 	 1208.5 
3.545 	 286.2 	 1069.0 
3.555 	 469.2 	 1109.7 
3.565 	 533.2 	 1102.5 
3.575 	 593.8 	 1214.5 
3.585 	 643.2 	 1278.4 
3.595 	 630.2 	 1241.3 
3.605 	 642.9 	 1227.3 
3.615 	 643.1 	 1227.2 
3.625 	 629.9 	 1210.7 
3.635 	 627.3 	 1191.2 
3.645 	 625.6 	 1194.6 
3.655 	 630.3 	 1209.0 
3.665 	 638.6 	 1212.7 
3.675 	 644.0 	 1221.3 
3.685 	 649.9 	 1232.3 
3.695 	 658.6 	 1229.1 
3.705 	 663.5 	 1227.2 
3.715 	 666.0 	 1237.2 
3.725 	 667.0 	 1240.4 
3.735 	 667.6 	 1244.5 
3.745 	 666.5 	 1255.0 
3.755 	 661.7 	 1254.5 
3.765 	 661.8 	 1235.7 
3.775 	 661.6 	 1306.4 
3.785 	 1014.6 	 1827.7 
3.795 	 1162.7 	 1915.8 
3.805 	 908.4 	 1509.2 
3.815 	 687.2 	 1459.0 
3.825 	 639.9 	 1553.7 
3.835 	 760.5 	 1544.5 
3.845 	 755.4 	 1467.2 
3.855 	 749.4 	 1519.7 
3.865 	 727.3 	 1572.2 
3.875 	 699.1 	 1614.1 
3.885 	 671.5 	 1657.3 
3.895 	 642.7 	 1704.7 
3.905 	 618.4 	 1775.5 
3.915 	 598.4 	 1833.0 
3.925 	 577.4 	 1857.5 
3.935 	 546.5 	 1905.1 
3.945 	 500.4 	 1977.7 
3.955 	 453.5 	 2034.9 
3.965 	 422.8 	 2060.1 
3.975 	 449.8 	 1946.5 
3.985 	 481.0 	 1877.2 
3.995 	 449.0 	 1892.9 
4.005 	 404.0 	 1829.0 
4.015 	 817.8 	 1938.7 
4.025 	 1223.5 	 2149.3 
4.035 	 1200.4 	 2197.2 
4.045 	 1225.1 	 2178.8 
4.055 	 1257.9 	 2159.1 
4.065 	 1249.5 	 2122.2 
4.075 	 1211.9 	 2073.6 
4.085 	 646.8 	 1643.3 
4.095 	 243.9 	 1384.0 
4.105 	 370.6 	 1514.4 
4.115 	 342.5 	 1516.4 
4.125 	 361.6 	 1526.4 
4.135 	 484.7 	 1309.5 
4.145 	 729.7 	 1650.9 
4.155 	 770.5 	 1556.7 
4.165 	 641.8 	 968.7 
4.175 	 851.4 	 1657.5 
4.185 	 1169.2 	 1796.7 
4.195 	 1078.8 	 1391.7 
4.205 	 1149.6 	 1446.8 
4.215 	 922.3 	 1608.6 
4.225 	 438.6 	 1847.5 
4.235 	 882.7 	 2049.1 
4.245 	 1006.0 	 2024.3 
4.255 	 670.8 	 1916.6 
4.265 	 670.0 	 2062.7 
4.275 	 813.7 	 2188.5 
4.285 	 948.7 	 2239.8 
4.295 	 913.1 	 2162.7 
4.305 	 843.3 	 2111.6 
4.315 	 804.7 	 2148.9 
4.325 	 690.3 	 2079.5 
4.335 	 576.0 	 1967.3 
4.345 	 573.4 	 1930.4 
4.355 	 587.6 	 1924.0 
4.365 	 595.9 	 1876.7 
4.375 	 571.1 	 1789.9 
4.385 	 437.6 	 1702.2 
4.395 	 433.7 	 1637.1 
4.405 	 555.9 	 1628.0 
4.415 	 1088.1 	 1923.7 
4.425 	 1018.3 	 1876.4 
4.435 	 1003.3 	 1967.0 
4.445 	 1582.4 	 2325.4 
4.455 	 1581.0 	 2221.3 
4.465 	 1566.1 	 2155.2 
4.475 	 1537.6 	 2111.3 
4.485 	 1479.4 	 2079.0 
4.495 	 1399.8 	 2077.8 
4.505 	 904.9 	 1708.9 
4.515 	 830.0 	 1696.5 
4.525 	 861.4 	 1670.6 
4.535 	 536.1 	 1294.8 
4.545 	 577.3 	 1316.0 
4.555 	 626.7 	 1350.7 
4.565 	 691.4 	 1392.5 
4.575 	 750.2 	 1411.4 
4.585 	 771.0 	 1434.1 
4.595 	 751.7 	 1451.2 
4.605 	 730.0 	 1446.7 
4.615 	 916.4 	 1573.4 
4.625 	 895.4 	 1877.5 
4.635 	 684.2 	 2088.1 
4.645 	 701.9 	 2148.7 
4.655 	 608.5 	 1990.3 
4.665 	 376.7 	 1775.9 
4.675 	 779.9 	 2103.6 
4.685 	 925.7 	 2032.0 
4.695 	 579.9 	 1595.8 
4.705 	 550.4 	 1648.8 
4.715 	 532.7 	 1686.2 
4.725 	 611.9 	 1781.6 
4.735 	 838.8 	 2004.3 
4.745 	 823.6 	 1871.0 
4.755 	 546.6 	 1611.0 
4.765 	 555.4 	 1716.6 
4.775 	 656.9 	 1877.4 
4.785 	 715.4 	 1957.1 
4.795 	 684.0 	 1929.9 
4.805 	 1120.2 	 2193.9 
4.815 	 994.0 	 2121.3 
4.825 	 355.2 	 1854.9 
4.835 	 497.3 	 1915.1 
4.845 	 608.7 	 1782.4 
4.855 	 829.4 	 1758.6 
4.865 	 1091.4 	 2124.5 
4.875 	 1507.0 	 2765.1 
4.885 	 1774.4 	 3019.7 
4.895 	 936.3 	 2360.9 
4.905 	 703.6 	 1888.5 
4.915 	 1344.9 	 1881.5 
4.925 	 1503.1 	 1704.2 
4.935 	 1272.0 	 1803.3 
4.945 	 755.9 	 1826.8 
4.955 	 781.4 	 1765.6 
4.965 	 1216.6 	 2084.2 
4.975 	 1411.3 	 2462.5 
4.985 	 1418.5 	 2473.3 
4.995 	 803.5 	 2073.6 
5.005 	 999.2 	 1810.7 
5.015 	 1049.4 	 1772.9 
5.025 	 1027.0 	 2280.1 
5.035 	 905.8 	 2358.4 
5.045 	 774.0 	 2417.1 
5.055 	 932.6 	 2099.0 
5.065 	 516.4 	 1267.5 
5.075 	 579.4 	 1233.9 
5.085 	 604.4 	 1213.5 
5.095 	 648.1 	 1179.4 
5.105 	 634.0 	 1106.6 
5.115 	 605.9 	 1171.0 
5.125 	 616.8 	 1223.4 
5.135 	 622.0 	 1246.8 
5.145 	 614.4 	 1253.7 
5.155 	 616.9 	 1226.3 
5.165 	 615.5 	 1208.2 
5.175 	 601.4 	 1222.5 
5.185 	 592.2 	 1220.9 
5.195 	 599.7 	 1209.1 
5.205 	 611.4 	 1222.3 
5.215 	 610.6 	 1250.3 
5.225 	 612.5 	 1246.4 
5.235 	 617.2 	 1234.4 
5.245 	 618.8 	 1233.6 
5.255 	 623.7 	 1241.0 
5.265 	 624.6 	 1275.4 
5.275 	 620.9 	 1280.5 
5.285 	 622.7 	 1263.8 
5.295 	 622.8 	 1260.9 
5.305 	 624.9 	 1248.6 
5.315 	 624.0 	 1224.7 
5.325 	 609.7 	 1183.9 
5.335 	 587.7 	 1124.3 
5.345 	 570.9 	 1065.7 
5.355 	 563.3 	 1039.7 
5.365 	 563.0 	 1039.6 
5.375 	 569.3 	 1049.1 
5.385 	 578.5 	 1067.4 
5.395 	 590.5 	 1090.1 
5.405 	 601.6 	 1116.9 
5.415 	 612.5 	 1146.4 
5.425 	 637.9 	 1190.6 
5.435 	 657.5 	 1220.1 
5.445 	 664.1 	 1218.1 
5.455 	 706.0 	 1208.0 
5.465 	 832.5 	 1065.0 
5.475 	 956.8 	 1152.1 
5.485 	 878.6 	 1280.7 
5.495 	 742.5 	 1223.6 
5.505 	 754.7 	 1307.7 
5.515 	 805.6 	 1372.5 
5.525 	 837.2 	 1408.8 
5.535 	 857.8 	 1458.2 
5.545 	 845.9 	 1517.0 
5.555 	 809.9 	 1577.8 
5.565 	 771.9 	 1634.0 
5.575 	 737.7 	 1653.7 
5.585 	 711.4 	 1663.9 
5.595 	 691.8 	 1691.6 
5.605 	 681.1 	 1706.8 
5.615 	 672.4 	 1672.4 
5.625 	 607.4 	 1592.9 
5.635 	 625.2 	 1657.7 
5.645 	 491.5 	 1609.7 
5.655 	 297.5 	 1535.8 
5.665 	 711.8 	 1818.5 
5.675 	 1118.5 	 2073.0 
5.685 	 1164.9 	 2091.2 
5.695 	 749.6 	 1750.8 
5.705 	 851.1 	 1698.4 
5.715 	 1457.7 	 1930.7 
5.725 	 948.7 	 1873.4 
5.735 	 406.5 	 1838.2 
5.745 	 436.3 	 1886.7 
5.755 	 672.7 	 2034.6 
5.765 	 956.6 	 2090.0 
5.775 	 1307.5 	 2682.1 
5.785 	 1416.5 	 2735.5 
5.795 	 1250.3 	 2515.3 
5.805 	 1144.2 	 2604.9 
5.815 	 1304.0 	 2372.7 
5.825 	 1601.0 	 2402.7 
5.835 	 1514.5 	 2373.5 
5.845 	 1365.2 	 2371.9 
5.855 	 1401.0 	 2391.2 
5.865 	 902.4 	 1991.2 
5.875 	 413.8 	 1527.5 
5.885 	 507.3 	 1438.3 
5.895 	 543.5 	 1379.1 
5.905 	 627.0 	 1337.7 
5.915 	 695.2 	 1281.8 
5.925 	 691.8 	 1197.9 
5.935 	 661.8 	 1186.9 
5.945 	 588.6 	 1197.0 
5.955 	 490.0 	 1237.4 
5.965 	 430.2 	 1404.2 
5.975 	 378.4 	 1632.6 
5.985 	 336.0 	 1577.7 
5.995 	 292.2 	 1394.5 
6.005 	 342.4 	 1450.4 
6.015 	 456.8 	 1568.7 
6.025 	 511.8 	 1576.4 
6.035 	 507.2 	 1390.2 
6.045 	 497.8 	 1345.2 
6.055 	 586.9 	 1586.2 
6.065 	 590.8 	 1757.8 
6.075 	 546.9 	 1795.4 
6.085 	 485.9 	 1732.3 
6.095 	 477.4 	 1608.8 
6.105 	 713.0 	 2011.2 
6.115 	 630.7 	 2130.0 
6.125 	 410.2 	 1774.8 
6.135 	 407.3 	 1726.6 
6.145 	 446.3 	 1863.4 
6.155 	 671.5 	 1924.8 
6.165 	 624.6 	 1875.4 
6.175 	 372.8 	 1750.7 
6.185 	 689.7 	 1855.7 
6.195 	 701.8 	 1917.8 
6.205 	 367.3 	 1772.3 
6.215 	 721.6 	 1774.3 
6.225 	 1108.9 	 1860.9 
6.235 	 1202.8 	 2111.4 
6.245 	 952.2 	 2018.9 
6.255 	 776.1 	 1842.9 
6.265 	 1214.4 	 1814.3 
6.275 	 1127.0 	 1759.1 
6.285 	 817.8 	 1740.7 
6.295 	 812.9 	 1734.9 
6.305 	 610.4 	 1711.3 
6.315 	 1074.1 	 2076.1 
6.325 	 1244.1 	 2073.8 
6.335 	 817.1 	 1725.3 
6.345 	 746.5 	 1743.4 
6.355 	 795.0 	 1703.5 
6.365 	 871.0 	 1685.8 
6.375 	 843.3 	 1729.7 
6.385 	 884.6 	 1767.7 
6.395 	 888.7 	 1705.3 
6.405 	 881.3 	 1700.8 
6.415 	 981.8 	 1738.2 
6.425 	 1144.9 	 1737.5 
6.435 	 1150.3 	 1730.8 
6.445 	 1123.0 	 1686.5 
6.455 	 1147.3 	 1705.2 
6.465 	 1075.4 	 1721.6 
6.475 	 1006.4 	 1698.6 
6.485 	 973.1 	 1695.8 
6.495 	 928.1 	 1716.9 
6.505 	 930.1 	 1748.8 
6.515 	 977.0 	 1745.8 
6.525 	 969.9 	 1735.4 
6.535 	 977.4 	 1740.8 
6.545 	 990.1 	 1734.7 
6.555 	 893.1 	 1680.3 
6.565 	 745.6 	 1627.2 
6.575 	 723.2 	 1634.8 
6.585 	 655.8 	 1670.3 
6.595 	 832.7 	 1743.6 
6.605 	 1150.7 	 1665.4 
6.615 	 1029.0 	 1613.5 
6.625 	 958.6 	 1744.5 
6.635 	 1066.1 	 1876.9 
6.645 	 1081.7 	 1825.1 
6.655 	 1110.2 	 1907.0 
6.665 	 1095.6 	 2071.7 
6.675 	 1018.1 	 1932.8 
6.685 	 1152.2 	 2011.5 
6.695 	 1322.2 	 2179.4 
6.705 	 813.8 	 1916.4 
6.715 	 548.8 	 1774.1 
6.725 	 590.9 	 1928.3 
6.735 	 380.1 	 1992.5 
6.745 	 361.1 	 1862.0 
6.755 	 359.3 	 1711.0 
6.765 	 317.2 	 1749.2 
6.775 	 310.5 	 1815.2 
6.785 	 335.7 	 1797.7 
6.795 	 492.0 	 1899.7 
6.805 	 461.2 	 1951.2 
6.815 	 457.2 	 1962.7 
6.825 	 619.7 	 1632.9 
6.835 	 611.4 	 1195.3 
6.845 	 646.3 	 1301.8 
6.855 	 646.4 	 1335.0 
6.865 	 631.0 	 1236.9 
6.875 	 623.8 	 1195.9 
6.885 	 625.2 	 1199.2 
6.895 	 634.7 	 1211.2 
6.905 	 640.6 	 1221.4 
6.915 	 644.9 	 1234.9 
6.925 	 647.3 	 1252.5 
6.935 	 643.2 	 1273.4 
6.945 	 628.5 	 1292.8 
6.955 	 610.2 	 1306.9 
6.965 	 590.4 	 1324.7 
6.975 	 562.9 	 1351.4 
6.985 	 534.9 	 1373.6 
6.995 	 515.9 	 1380.5 
7.005 	 535.9 	 1412.9 
7.015 	 604.5 	 1489.4 
7.025 	 668.9 	 2263.2 
7.035 	 644.8 	 2792.8 
7.045 	 584.5 	 2558.0 
7.055 	 558.5 	 2637.0 
7.065 	 579.1 	 2655.8 
7.075 	 652.1 	 2694.7 
7.085 	 743.8 	 2749.1 
7.095 	 872.8 	 2623.0 
7.105 	 746.6 	 2052.9 
7.115 	 526.3 	 1451.2 
7.125 	 501.5 	 1310.3 
7.135 	 480.2 	 1193.0 
7.145 	 436.4 	 1070.5 
7.155 	 432.9 	 963.9 
7.165 	 348.2 	 933.2 
7.175 	 269.1 	 925.9 
7.185 	 556.4 	 1629.1 
7.195 	 792.8 	 2345.0 
7.205 	 774.8 	 2349.9 
7.215 	 777.7 	 2358.8 
7.225 	 789.8 	 2368.7 
7.235 	 813.2 	 2381.9 
7.245 	 830.2 	 2382.9 
7.255 	 842.2 	 2380.4 
7.265 	 850.5 	 2382.4 
7.275 	 847.2 	 2381.3 
7.285 	 837.0 	 2384.0 
7.295 	 818.3 	 2393.6 
7.305 	 806.1 	 2389.9 
7.315 	 803.8 	 2381.8 
7.325 	 809.1 	 2391.3 
7.335 	 816.9 	 2397.9 
7.345 	 827.1 	 2398.0 
7.355 	 892.4 	 2402.5 
7.365 	 980.5 	 2396.6 
7.375 	 1078.0 	 2362.0 
7.385 	 867.9 	 1830.2 
7.395 	 586.2 	 1409.8 
7.405 	 555.8 	 1570.8 
7.415 	 480.6 	 1738.5 
7.425 	 424.4 	 1897.9 
7.435 	 321.5 	 1962.5 
7.445 	 771.2 	 1988.4 
7.455 	 952.3 	 1828.0 
7.465 	 573.9 	 1679.7 
7.475 	 533.3 	 1604.7 
7.485 	 548.8 	 1618.4 
7.495 	 835.0 	 2010.4 
7.505 	 1204.3 	 2152.3 
7.515 	 1405.7 	 2093.5 
7.525 	 933.9 	 1881.3 
7.535 	 400.7 	 1576.9 
7.545 	 429.3 	 1499.6 
7.555 	 443.1 	 1430.7 
7.565 	 443.4 	 1393.8 
7.575 	 440.2 	 1361.5 
7.585 	 449.9 	 1368.0 
7.595 	 456.6 	 1398.3 
7.605 	 442.3 	 1401.4 
7.615 	 438.7 	 1386.8 
7.625 	 457.9 	 1293.9 
7.635 	 464.8 	 1200.2 
7.645 	 458.0 	 1207.7 
7.655 	 788.0 	 1193.3 
7.665 	 1078.1 	 1358.3 
7.675 	 769.3 	 1416.5 
7.685 	 539.2 	 1322.4 
7.695 	 594.2 	 1404.0 
7.705 	 607.6 	 1477.4 
7.715 	 593.2 	 1537.5 
7.725 	 571.7 	 1579.2 
7.735 	 435.1 	 1592.1 
7.745 	 360.2 	 1596.0 
7.755 	 432.6 	 1630.7 
7.765 	 455.8 	 1643.7 
7.775 	 459.3 	 1643.6 
7.785 	 520.2 	 1576.1 
7.795 	 584.2 	 1438.2 
7.805 	 627.9 	 1347.7 
7.815 	 694.5 	 1282.7 
7.825 	 837.1 	 1157.0 
7.835 	 838.0 	 961.4 
7.845 	 577.3 	 870.7 
7.855 	 617.2 	 903.7 
7.865 	 766.3 	 963.1 
7.875 	 690.3 	 1049.8 
7.885 	 660.0 	 1075.6 
7.895 	 649.3 	 1058.4 
7.905 	 668.2 	 1013.8 
7.915 	 666.7 	 1138.4 
7.925 	 642.1 	 1279.0 
7.935 	 735.9 	 1126.4 
7.945 	 581.2 	 1005.1 
7.955 	 628.0 	 1046.7 
7.965 	 848.6 	 1181.0 
7.975 	 737.7 	 1329.4 
7.985 	 981.0 	 1402.8 
7.995 	 1403.1 	 1879.4 
8.005 	 991.1 	 2018.6 
8.015 	 470.7 	 1747.5 
8.025 	 469.0 	 1894.0 
8.035 	 443.5 	 1987.9 
8.045 	 432.9 	 2050.3 
8.055 	 416.7 	 2150.5 
8.065 	 382.5 	 2193.5 
8.075 	 378.1 	 2224.9 
8.085 	 411.7 	 2256.2 
8.095 	 424.2 	 2247.2 
8.105 	 354.9 	 2181.5 
8.115 	 392.5 	 2108.8 
8.125 	 479.3 	 2120.9 
8.135 	 433.4 	 2146.7 
8.145 	 451.1 	 2134.9 
8.155 	 565.9 	 2119.6 
8.165 	 633.2 	 2004.1 
8.175 	 679.6 	 1793.0 
8.185 	 718.3 	 1637.9 
8.195 	 648.6 	 1579.1 
8.205 	 540.4 	 1543.6 
8.215 	 511.9 	 1536.4 
8.225 	 539.9 	 1507.6 
8.235 	 555.1 	 1440.6 
8.245 	 570.4 	 1400.6 
8.255 	 590.2 	 1371.0 
8.265 	 602.1 	 1353.4 
8.275 	 612.3 	 1340.1 
8.285 	 624.4 	 1332.2 
8.295 	 630.5 	 1318.6 
8.305 	 635.1 	 1306.8 
8.315 	 641.7 	 1307.9 
8.325 	 661.9 	 1318.1 
8.335 	 688.9 	 1317.2 
8.345 	 700.3 	 1286.3 
8.355 	 696.4 	 1257.5 
8.365 	 688.0 	 1236.3 
8.375 	 683.3 	 1213.1 
8.385 	 674.3 	 1188.7 
8.395 	 696.3 	 1127.3 
8.405 	 830.3 	 1737.5 
8.415 	 925.1 	 2353.8 
8.425 	 865.0 	 2349.3 
8.435 	 764.1 	 2431.1 
8.445 	 737.5 	 2397.9 
8.455 	 783.4 	 2358.3 
8.465 	 693.9 	 1636.7 
8.475 	 567.2 	 903.6 
8.485 	 565.1 	 940.8 
8.495 	 571.4 	 960.3 
8.505 	 564.6 	 994.0 
8.515 	 558.6 	 1056.5 
8.525 	 543.4 	 1101.0 
8.535 	 530.1 	 1114.9 
8.545 	 532.5 	 1160.0 
8.555 	 500.8 	 1208.5 
8.565 	 497.0 	 1289.3 
8.575 	 520.5 	 1377.5 
8.585 	 297.2 	 1402.0 
8.595 	 276.2 	 1428.9 
8.605 	 482.0 	 1409.1 
8.615 	 492.7 	 1384.4 
8.625 	 528.9 	 1452.2 
8.635 	 845.2 	 1844.0 
8.645 	 797.8 	 1686.9 
8.655 	 497.0 	 1380.9 
8.665 	 535.5 	 1629.9 
8.675 	 689.9 	 1601.2 
8.685 	 682.5 	 1543.9 
8.695 	 539.0 	 1543.0 
8.705 	 556.3 	 1484.8 
8.715 	 583.0 	 1451.2 
8.725 	 595.8 	 1428.6 
8.735 	 598.1 	 1393.7 
8.745 	 604.8 	 1378.6 
8.755 	 612.2 	 1387.2 
8.765 	 619.0 	 1383.9 
8.775 	 623.9 	 1360.8 
8.785 	 627.0 	 1341.7 
8.795 	 626.4 	 1324.6 
8.805 	 615.0 	 1303.5 
8.815 	 614.3 	 1290.9 
8.825 	 615.0 	 1276.5 
8.835 	 634.5 	 1282.0 
8.845 	 653.6 	 1299.1 
8.855 	 655.1 	 1302.3 
8.865 	 669.9 	 1304.5 
8.875 	 669.2 	 1321.1 
8.885 	 656.9 	 1351.3 
8.895 	 635.7 	 1386.1 
8.905 	 603.3 	 1418.4 
8.915 	 602.4 	 1402.9 
8.925 	 607.1 	 1397.5 
8.935 	 588.3 	 1421.9 
8.945 	 562.0 	 1421.4 
8.955 	 550.7 	 1480.3 
8.965 	 568.7 	 1552.5 
8.975 	 590.3 	 1607.3 
8.985 	 634.2 	 1769.9 
8.995 	 605.8 	 1729.0 
9.005 	 460.5 	 1416.9 
9.015 	 566.4 	 1560.9 
9.025 	 1040.4 	 1944.3 
9.035 	 1464.4 	 2320.8 
9.045 	 1067.3 	 2095.0 
9.055 	 532.0 	 1585.8 
9.065 	 522.6 	 1611.5 
9.075 	 511.5 	 1656.3 
9.085 	 503.1 	 1708.2 
9.095 	 482.6 	 1801.8 
9.105 	 498.4 	 1799.4 
9.115 	 640.4 	 1690.5 
9.125 	 860.2 	 1902.8 
9.135 	 958.2 	 2171.6 
9.145 	 936.1 	 2105.6 
9.155 	 898.4 	 2020.8 
9.165 	 741.1 	 2004.1 
9.175 	 556.1 	 1951.0 
9.185 	 504.4 	 1978.7 
9.195 	 506.1 	 2187.6 
9.205 	 518.4 	 2393.2 
9.215 	 541.2 	 2506.9 
9.225 	 538.1 	 1672.2 
9.235 	 506.5 	 1265.8 
9.245 	 502.1 	 2119.1 
9.255 	 520.2 	 2506.0 
9.265 	 653.8 	 2490.2 
9.275 	 811.6 	 2429.4 
9.285 	 705.4 	 2356.9 
9.295 	 575.5 	 2235.4 
9.305 	 589.6 	 2170.9 
9.315 	 605.6 	 2163.6 
9.325 	 620.5 	 2120.3 
9.335 	 621.6 	 2059.1 
9.345 	 610.5 	 1966.3 
9.355 	 506.0 	 1792.0 
9.365 	 443.6 	 1750.4 
9.375 	 854.8 	 1960.2 
9.385 	 1211.3 	 2055.9 
9.395 	 1248.5 	 2053.6 
9.405 	 1435.6 	 1960.5 
9.415 	 1111.6 	 1849.6 
9.425 	 658.3 	 1921.5 
9.435 	 666.1 	 2011.7 
9.445 	 669.5 	 2054.4 
9.455 	 647.5 	 2069.0 
9.465 	 614.4 	 2062.8 
9.475 	 591.8 	 2036.9 
9.485 	 657.7 	 1981.0 
9.495 	 588.5 	 1917.0 
9.505 	 699.9 	 1902.4 
9.515 	 1274.9 	 2126.6 
9.525 	 931.7 	 1974.1 
9.535 	 290.6 	 1678.2 
9.545 	 314.9 	 1625.0 
9.555 	 358.4 	 1707.7 
9.565 	 416.2 	 1916.4 
9.575 	 453.6 	 1930.0 
9.585 	 494.3 	 1946.9 
9.595 	 516.8 	 1952.8 
9.605 	 516.0 	 1933.6 
9.615 	 517.1 	 1895.0 
9.625 	 528.6 	 1858.3 
9.635 	 544.6 	 1804.7 
9.645 	 575.9 	 1747.7 
9.655 	 607.0 	 1698.0 
9.665 	 621.3 	 1653.7 
9.675 	 616.9 	 1618.6 
9.685 	 601.3 	 1577.2 
9.695 	 614.8 	 1546.5 
9.705 	 656.2 	 1564.1 
9.715 	 712.6 	 1576.4 
9.725 	 720.1 	 1611.3 
9.735 	 661.4 	 1671.7 
9.745 	 665.1 	 1636.3 
9.755 	 689.0 	 1632.4 
9.765 	 630.6 	 1675.4 
9.775 	 592.8 	 1701.1 
9.785 	 582.8 	 1718.1 
9.795 	 570.5 	 1699.0 
9.805 	 581.1 	 1693.7 
9.815 	 577.3 	 1700.6 
9.825 	 595.2 	 1734.2 
9.835 	 630.6 	 1766.7 
9.845 	 586.9 	 1717.5 
9.855 	 673.9 	 1965.1 
9.865 	 637.8 	 1921.0 
9.875 	 415.7 	 1682.9 
9.885 	 315.3 	 2004.5 
9.895 	 428.7 	 2183.2 
9.905 	 429.4 	 1925.9 
9.915 	 328.4 	 1886.9 
9.925 	 260.1 	 1868.0 
9.935 	 171.5 	 1687.6 
9.945 	 941.8 	 2203.1 
9.955 	 943.8 	 2286.1 
9.965 	 323.7 	 1822.1 
9.975 	 --undefined-- 	 --undefined-- 
9.985 	 --undefined-- 	 --undefined-- 
9.995 	 --undefined-- 	 --undefined-- 
