'timestamp' 	 'V_Pitch' 	 'V_Intensity' 
'numInterv' 	 1000 
0.01 	 --undefined-- 	 --undefined-- 
0.02 	 --undefined-- 	 --undefined-- 
0.03 	 --undefined-- 	 --undefined-- 
0.04 	 --undefined-- 	 --undefined-- 
0.05 	 --undefined-- 	 58.043 
0.06 	 --undefined-- 	 60.456 
0.07 	 --undefined-- 	 61.436 
0.08 	 --undefined-- 	 60.548 
0.09 	 --undefined-- 	 58.942 
0.10 	 --undefined-- 	 58.100 
0.11 	 --undefined-- 	 56.587 
0.12 	 --undefined-- 	 53.570 
0.13 	 --undefined-- 	 51.316 
0.14 	 --undefined-- 	 55.968 
0.15 	 136.595 	 60.883 
0.16 	 133.162 	 63.797 
0.17 	 128.172 	 65.020 
0.18 	 124.887 	 65.086 
0.19 	 143.320 	 64.711 
0.20 	 160.696 	 64.236 
0.21 	 156.723 	 63.681 
0.22 	 155.678 	 63.139 
0.23 	 157.226 	 62.623 
0.24 	 159.435 	 62.070 
0.25 	 159.911 	 61.610 
0.26 	 159.681 	 61.341 
0.27 	 139.972 	 61.228 
0.28 	 120.256 	 61.219 
0.29 	 120.559 	 61.310 
0.30 	 121.385 	 61.440 
0.31 	 121.673 	 61.442 
0.32 	 120.992 	 61.338 
0.33 	 140.503 	 61.232 
0.34 	 159.881 	 61.101 
0.35 	 159.780 	 60.854 
0.36 	 160.381 	 60.547 
0.37 	 159.634 	 60.356 
0.38 	 157.960 	 60.410 
0.39 	 156.811 	 60.633 
0.40 	 156.272 	 60.762 
0.41 	 156.326 	 60.655 
0.42 	 155.827 	 60.353 
0.43 	 157.364 	 60.081 
0.44 	 158.904 	 59.919 
0.45 	 159.057 	 59.693 
0.46 	 159.500 	 59.381 
0.47 	 139.532 	 58.787 
0.48 	 140.875 	 57.809 
0.49 	 142.102 	 56.735 
0.50 	 122.594 	 55.882 
0.51 	 124.068 	 55.457 
0.52 	 124.760 	 55.540 
0.53 	 123.368 	 55.587 
0.54 	 --undefined-- 	 55.684 
0.55 	 --undefined-- 	 56.242 
0.56 	 493.689 	 56.621 
0.57 	 468.669 	 56.169 
0.58 	 448.501 	 55.646 
0.59 	 450.226 	 54.671 
0.60 	 444.801 	 51.571 
0.61 	 --undefined-- 	 45.710 
0.62 	 --undefined-- 	 40.714 
0.63 	 --undefined-- 	 38.932 
0.64 	 --undefined-- 	 37.548 
0.65 	 --undefined-- 	 36.623 
0.66 	 --undefined-- 	 36.383 
0.67 	 --undefined-- 	 36.445 
0.68 	 --undefined-- 	 36.260 
0.69 	 --undefined-- 	 35.782 
0.70 	 --undefined-- 	 35.038 
0.71 	 --undefined-- 	 34.482 
0.72 	 --undefined-- 	 35.138 
0.73 	 --undefined-- 	 36.509 
0.74 	 --undefined-- 	 38.284 
0.75 	 --undefined-- 	 39.925 
0.76 	 --undefined-- 	 40.262 
0.77 	 --undefined-- 	 39.015 
0.78 	 --undefined-- 	 36.723 
0.79 	 --undefined-- 	 34.591 
0.80 	 --undefined-- 	 34.994 
0.81 	 --undefined-- 	 37.124 
0.82 	 --undefined-- 	 39.198 
0.83 	 --undefined-- 	 41.228 
0.84 	 --undefined-- 	 42.604 
0.85 	 --undefined-- 	 42.865 
0.86 	 --undefined-- 	 42.211 
0.87 	 --undefined-- 	 45.776 
0.88 	 --undefined-- 	 54.428 
0.89 	 129.329 	 60.703 
0.90 	 129.765 	 64.466 
0.91 	 126.698 	 66.179 
0.92 	 126.807 	 66.446 
0.93 	 129.787 	 65.837 
0.94 	 130.040 	 64.625 
0.95 	 132.279 	 63.000 
0.96 	 133.554 	 61.080 
0.97 	 133.121 	 58.819 
0.98 	 132.495 	 56.120 
0.99 	 130.430 	 52.998 
1.00 	 130.482 	 49.497 
1.01 	 131.717 	 46.620 
1.02 	 131.805 	 45.555 
1.03 	 132.440 	 45.104 
1.04 	 206.421 	 45.694 
1.05 	 290.351 	 48.778 
1.06 	 --undefined-- 	 54.734 
1.07 	 122.454 	 60.042 
1.08 	 124.142 	 62.976 
1.09 	 125.906 	 64.202 
1.10 	 126.193 	 64.641 
1.11 	 126.251 	 64.635 
1.12 	 125.692 	 64.061 
1.13 	 125.304 	 62.916 
1.14 	 126.143 	 61.697 
1.15 	 127.844 	 60.784 
1.16 	 128.540 	 59.843 
1.17 	 128.383 	 58.366 
1.18 	 128.529 	 56.031 
1.19 	 128.810 	 53.257 
1.20 	 128.278 	 51.092 
1.21 	 --undefined-- 	 51.300 
1.22 	 --undefined-- 	 54.141 
1.23 	 --undefined-- 	 56.739 
1.24 	 --undefined-- 	 57.893 
1.25 	 --undefined-- 	 57.399 
1.26 	 --undefined-- 	 55.692 
1.27 	 132.761 	 54.028 
1.28 	 133.553 	 54.219 
1.29 	 135.103 	 56.613 
1.30 	 136.194 	 59.340 
1.31 	 135.712 	 61.435 
1.32 	 134.488 	 62.536 
1.33 	 133.661 	 62.915 
1.34 	 132.417 	 63.175 
1.35 	 130.758 	 63.515 
1.36 	 129.881 	 63.532 
1.37 	 129.622 	 62.904 
1.38 	 129.385 	 61.560 
1.39 	 129.133 	 59.505 
1.40 	 128.095 	 57.260 
1.41 	 126.990 	 56.078 
1.42 	 126.541 	 57.152 
1.43 	 127.016 	 59.878 
1.44 	 127.943 	 62.707 
1.45 	 127.829 	 64.778 
1.46 	 141.958 	 65.643 
1.47 	 155.077 	 65.484 
1.48 	 147.537 	 64.867 
1.49 	 130.898 	 64.311 
1.50 	 121.899 	 64.134 
1.51 	 124.428 	 64.130 
1.52 	 126.014 	 63.814 
1.53 	 127.261 	 62.953 
1.54 	 129.228 	 61.799 
1.55 	 130.510 	 60.872 
1.56 	 130.826 	 59.753 
1.57 	 132.304 	 57.751 
1.58 	 132.913 	 55.423 
1.59 	 131.324 	 53.800 
1.60 	 128.889 	 52.193 
1.61 	 126.103 	 51.259 
1.62 	 --undefined-- 	 54.052 
1.63 	 --undefined-- 	 56.816 
1.64 	 --undefined-- 	 57.832 
1.65 	 --undefined-- 	 57.940 
1.66 	 --undefined-- 	 58.144 
1.67 	 --undefined-- 	 58.385 
1.68 	 --undefined-- 	 58.526 
1.69 	 --undefined-- 	 58.889 
1.70 	 --undefined-- 	 59.599 
1.71 	 --undefined-- 	 60.295 
1.72 	 --undefined-- 	 60.329 
1.73 	 --undefined-- 	 59.693 
1.74 	 --undefined-- 	 58.818 
1.75 	 --undefined-- 	 57.297 
1.76 	 --undefined-- 	 54.748 
1.77 	 --undefined-- 	 51.343 
1.78 	 --undefined-- 	 54.867 
1.79 	 --undefined-- 	 61.305 
1.80 	 132.833 	 65.088 
1.81 	 130.507 	 66.536 
1.82 	 126.734 	 66.231 
1.83 	 124.672 	 65.063 
1.84 	 123.809 	 64.084 
1.85 	 122.603 	 63.744 
1.86 	 120.997 	 63.578 
1.87 	 134.177 	 63.171 
1.88 	 134.231 	 62.528 
1.89 	 120.485 	 61.809 
1.90 	 120.813 	 61.354 
1.91 	 121.346 	 61.330 
1.92 	 121.776 	 61.641 
1.93 	 122.151 	 61.846 
1.94 	 122.709 	 61.721 
1.95 	 123.487 	 61.429 
1.96 	 124.384 	 61.066 
1.97 	 124.831 	 60.642 
1.98 	 124.265 	 59.948 
1.99 	 123.276 	 58.223 
2.00 	 123.162 	 54.925 
2.01 	 --undefined-- 	 51.794 
2.02 	 --undefined-- 	 53.524 
2.03 	 --undefined-- 	 56.328 
2.04 	 --undefined-- 	 57.922 
2.05 	 --undefined-- 	 58.702 
2.06 	 --undefined-- 	 58.856 
2.07 	 --undefined-- 	 58.937 
2.08 	 --undefined-- 	 59.815 
2.09 	 --undefined-- 	 60.300 
2.10 	 --undefined-- 	 58.949 
2.11 	 --undefined-- 	 57.777 
2.12 	 142.102 	 59.862 
2.13 	 141.390 	 61.893 
2.14 	 140.195 	 62.438 
2.15 	 139.343 	 61.317 
2.16 	 135.575 	 58.329 
2.17 	 133.766 	 53.765 
2.18 	 134.799 	 50.081 
2.19 	 133.596 	 48.963 
2.20 	 133.264 	 48.455 
2.21 	 131.545 	 48.197 
2.22 	 132.343 	 49.229 
2.23 	 137.513 	 53.335 
2.24 	 139.437 	 58.592 
2.25 	 139.249 	 62.751 
2.26 	 139.944 	 65.377 
2.27 	 140.206 	 66.582 
2.28 	 139.781 	 66.679 
2.29 	 139.283 	 65.777 
2.30 	 139.096 	 64.127 
2.31 	 139.303 	 62.763 
2.32 	 139.927 	 62.581 
2.33 	 141.321 	 63.327 
2.34 	 142.885 	 63.971 
2.35 	 143.783 	 63.689 
2.36 	 143.871 	 62.615 
2.37 	 143.800 	 61.637 
2.38 	 143.970 	 60.918 
2.39 	 144.097 	 59.894 
2.40 	 144.683 	 58.680 
2.41 	 144.689 	 58.473 
2.42 	 143.117 	 59.324 
2.43 	 141.797 	 60.241 
2.44 	 141.222 	 60.653 
2.45 	 140.272 	 59.882 
2.46 	 139.263 	 57.454 
2.47 	 139.336 	 53.445 
2.48 	 --undefined-- 	 48.274 
2.49 	 --undefined-- 	 43.831 
2.50 	 --undefined-- 	 45.081 
2.51 	 --undefined-- 	 46.709 
2.52 	 --undefined-- 	 45.482 
2.53 	 --undefined-- 	 45.076 
2.54 	 --undefined-- 	 54.051 
2.55 	 --undefined-- 	 61.207 
2.56 	 148.783 	 65.016 
2.57 	 147.781 	 66.184 
2.58 	 146.459 	 65.578 
2.59 	 145.083 	 64.249 
2.60 	 142.953 	 62.639 
2.61 	 140.890 	 60.104 
2.62 	 142.283 	 55.813 
2.63 	 142.929 	 49.887 
2.64 	 137.300 	 47.800 
2.65 	 138.353 	 54.193 
2.66 	 142.839 	 60.665 
2.67 	 140.213 	 64.247 
2.68 	 137.952 	 65.165 
2.69 	 137.915 	 64.237 
2.70 	 138.122 	 62.355 
2.71 	 138.458 	 60.097 
2.72 	 138.288 	 58.114 
2.73 	 137.663 	 56.755 
2.74 	 136.514 	 55.541 
2.75 	 134.317 	 53.753 
2.76 	 126.964 	 50.742 
2.77 	 --undefined-- 	 46.052 
2.78 	 --undefined-- 	 40.509 
2.79 	 --undefined-- 	 38.332 
2.80 	 --undefined-- 	 40.197 
2.81 	 --undefined-- 	 41.621 
2.82 	 --undefined-- 	 41.236 
2.83 	 --undefined-- 	 47.396 
2.84 	 146.369 	 56.301 
2.85 	 139.915 	 62.070 
2.86 	 131.225 	 65.085 
2.87 	 128.120 	 66.018 
2.88 	 126.651 	 65.696 
2.89 	 124.510 	 64.863 
2.90 	 122.792 	 64.006 
2.91 	 122.631 	 63.402 
2.92 	 122.697 	 62.758 
2.93 	 123.491 	 61.893 
2.94 	 124.207 	 60.878 
2.95 	 122.669 	 59.273 
2.96 	 --undefined-- 	 56.571 
2.97 	 --undefined-- 	 52.714 
2.98 	 --undefined-- 	 48.170 
2.99 	 --undefined-- 	 43.642 
3.00 	 --undefined-- 	 40.462 
3.01 	 --undefined-- 	 38.934 
3.02 	 --undefined-- 	 37.394 
3.03 	 --undefined-- 	 35.895 
3.04 	 --undefined-- 	 34.859 
3.05 	 --undefined-- 	 39.321 
3.06 	 --undefined-- 	 47.720 
3.07 	 --undefined-- 	 55.254 
3.08 	 153.240 	 60.774 
3.09 	 147.637 	 64.017 
3.10 	 141.054 	 65.419 
3.11 	 139.954 	 65.560 
3.12 	 138.797 	 64.768 
3.13 	 136.073 	 63.143 
3.14 	 132.956 	 60.837 
3.15 	 129.551 	 58.302 
3.16 	 --undefined-- 	 57.208 
3.17 	 --undefined-- 	 57.352 
3.18 	 --undefined-- 	 56.897 
3.19 	 135.984 	 57.455 
3.20 	 136.241 	 60.057 
3.21 	 136.546 	 62.038 
3.22 	 136.349 	 62.494 
3.23 	 134.983 	 61.846 
3.24 	 132.393 	 60.783 
3.25 	 129.294 	 59.923 
3.26 	 126.377 	 59.526 
3.27 	 124.627 	 59.794 
3.28 	 124.645 	 61.010 
3.29 	 124.985 	 61.958 
3.30 	 --undefined-- 	 60.930 
3.31 	 226.185 	 56.918 
3.32 	 225.021 	 50.157 
3.33 	 230.494 	 45.231 
3.34 	 --undefined-- 	 42.640 
3.35 	 --undefined-- 	 39.638 
3.36 	 --undefined-- 	 44.590 
3.37 	 --undefined-- 	 55.237 
3.38 	 129.177 	 62.008 
3.39 	 126.016 	 65.243 
3.40 	 121.766 	 66.023 
3.41 	 121.052 	 65.773 
3.42 	 121.398 	 65.275 
3.43 	 121.402 	 64.314 
3.44 	 121.542 	 62.823 
3.45 	 121.508 	 61.029 
3.46 	 --undefined-- 	 58.312 
3.47 	 --undefined-- 	 53.448 
3.48 	 --undefined-- 	 46.072 
3.49 	 --undefined-- 	 39.956 
3.50 	 --undefined-- 	 37.883 
3.51 	 --undefined-- 	 36.681 
3.52 	 --undefined-- 	 37.447 
3.53 	 --undefined-- 	 46.016 
3.54 	 --undefined-- 	 54.827 
3.55 	 --undefined-- 	 60.177 
3.56 	 121.553 	 62.389 
3.57 	 121.196 	 62.336 
3.58 	 120.557 	 61.036 
3.59 	 121.162 	 58.772 
3.60 	 171.899 	 55.321 
3.61 	 222.540 	 51.313 
3.62 	 172.026 	 48.468 
3.63 	 120.674 	 47.585 
3.64 	 121.967 	 47.195 
3.65 	 125.733 	 46.014 
3.66 	 126.379 	 44.036 
3.67 	 --undefined-- 	 45.505 
3.68 	 --undefined-- 	 52.988 
3.69 	 --undefined-- 	 58.505 
3.70 	 --undefined-- 	 61.350 
3.71 	 --undefined-- 	 62.077 
3.72 	 --undefined-- 	 61.032 
3.73 	 --undefined-- 	 59.166 
3.74 	 --undefined-- 	 57.132 
3.75 	 --undefined-- 	 53.907 
3.76 	 --undefined-- 	 51.781 
3.77 	 --undefined-- 	 56.839 
3.78 	 120.604 	 61.125 
3.79 	 121.014 	 63.232 
3.80 	 120.788 	 63.803 
3.81 	 --undefined-- 	 63.562 
3.82 	 460.023 	 62.999 
3.83 	 460.552 	 62.389 
3.84 	 460.631 	 61.796 
3.85 	 460.019 	 61.187 
3.86 	 460.025 	 60.706 
3.87 	 458.927 	 60.479 
3.88 	 457.427 	 60.541 
3.89 	 457.836 	 60.713 
3.90 	 457.960 	 60.749 
3.91 	 459.811 	 60.610 
3.92 	 462.191 	 60.466 
3.93 	 459.561 	 60.431 
3.94 	 453.743 	 60.326 
3.95 	 451.053 	 59.973 
3.96 	 452.560 	 59.369 
3.97 	 455.588 	 58.506 
3.98 	 459.444 	 57.271 
3.99 	 462.141 	 55.282 
4.00 	 --undefined-- 	 52.263 
4.01 	 --undefined-- 	 48.328 
4.02 	 --undefined-- 	 43.733 
4.03 	 --undefined-- 	 40.209 
4.04 	 --undefined-- 	 38.559 
4.05 	 --undefined-- 	 37.141 
4.06 	 --undefined-- 	 35.507 
4.07 	 --undefined-- 	 34.735 
4.08 	 --undefined-- 	 34.649 
4.09 	 --undefined-- 	 34.364 
4.10 	 --undefined-- 	 34.788 
4.11 	 --undefined-- 	 36.858 
4.12 	 --undefined-- 	 39.119 
4.13 	 --undefined-- 	 39.999 
4.14 	 --undefined-- 	 39.733 
4.15 	 --undefined-- 	 40.614 
4.16 	 --undefined-- 	 42.264 
4.17 	 --undefined-- 	 43.054 
4.18 	 --undefined-- 	 42.851 
4.19 	 --undefined-- 	 42.246 
4.20 	 --undefined-- 	 43.731 
4.21 	 --undefined-- 	 45.909 
4.22 	 --undefined-- 	 45.587 
4.23 	 --undefined-- 	 43.923 
4.24 	 --undefined-- 	 45.478 
4.25 	 --undefined-- 	 47.394 
4.26 	 --undefined-- 	 47.261 
4.27 	 --undefined-- 	 45.782 
4.28 	 --undefined-- 	 43.864 
4.29 	 --undefined-- 	 42.414 
4.30 	 --undefined-- 	 43.029 
4.31 	 --undefined-- 	 44.327 
4.32 	 --undefined-- 	 45.150 
4.33 	 --undefined-- 	 45.879 
4.34 	 --undefined-- 	 46.449 
4.35 	 --undefined-- 	 46.774 
4.36 	 --undefined-- 	 46.392 
4.37 	 --undefined-- 	 45.877 
4.38 	 --undefined-- 	 46.879 
4.39 	 --undefined-- 	 48.104 
4.40 	 --undefined-- 	 47.727 
4.41 	 --undefined-- 	 46.161 
4.42 	 --undefined-- 	 44.875 
4.43 	 --undefined-- 	 43.630 
4.44 	 --undefined-- 	 42.182 
4.45 	 --undefined-- 	 42.390 
4.46 	 --undefined-- 	 44.142 
4.47 	 --undefined-- 	 45.042 
4.48 	 --undefined-- 	 44.479 
4.49 	 --undefined-- 	 42.350 
4.50 	 --undefined-- 	 38.858 
4.51 	 --undefined-- 	 36.562 
4.52 	 --undefined-- 	 36.635 
4.53 	 --undefined-- 	 38.339 
4.54 	 --undefined-- 	 41.479 
4.55 	 --undefined-- 	 46.367 
4.56 	 --undefined-- 	 52.864 
4.57 	 --undefined-- 	 58.516 
4.58 	 127.615 	 62.122 
4.59 	 125.678 	 63.836 
4.60 	 122.537 	 64.309 
4.61 	 121.055 	 64.113 
4.62 	 120.538 	 63.353 
4.63 	 --undefined-- 	 62.055 
4.64 	 124.830 	 60.808 
4.65 	 124.793 	 59.579 
4.66 	 122.653 	 57.469 
4.67 	 --undefined-- 	 54.383 
4.68 	 120.758 	 51.450 
4.69 	 121.038 	 50.179 
4.70 	 127.103 	 52.118 
4.71 	 136.055 	 56.724 
4.72 	 137.339 	 60.482 
4.73 	 136.776 	 62.540 
4.74 	 138.831 	 63.002 
4.75 	 140.415 	 62.097 
4.76 	 141.928 	 60.155 
4.77 	 143.333 	 57.833 
4.78 	 --undefined-- 	 57.659 
4.79 	 --undefined-- 	 59.392 
4.80 	 --undefined-- 	 60.274 
4.81 	 --undefined-- 	 60.048 
4.82 	 --undefined-- 	 59.452 
4.83 	 --undefined-- 	 59.609 
4.84 	 164.762 	 60.127 
4.85 	 165.597 	 62.280 
4.86 	 166.678 	 65.602 
4.87 	 167.309 	 67.795 
4.88 	 164.754 	 68.530 
4.89 	 158.367 	 67.612 
4.90 	 --undefined-- 	 64.557 
4.91 	 140.828 	 58.915 
4.92 	 147.424 	 51.268 
4.93 	 152.966 	 46.540 
4.94 	 150.852 	 46.866 
4.95 	 --undefined-- 	 54.984 
4.96 	 161.283 	 62.371 
4.97 	 154.528 	 66.474 
4.98 	 146.141 	 67.831 
4.99 	 143.739 	 67.391 
5.00 	 142.700 	 66.161 
5.01 	 142.263 	 64.800 
5.02 	 141.472 	 63.559 
5.03 	 140.038 	 61.583 
5.04 	 141.294 	 57.475 
5.05 	 142.474 	 50.718 
5.06 	 140.589 	 44.188 
5.07 	 140.763 	 42.190 
5.08 	 141.683 	 42.428 
5.09 	 141.236 	 43.198 
5.10 	 140.367 	 46.808 
5.11 	 --undefined-- 	 54.959 
5.12 	 150.962 	 61.132 
5.13 	 147.680 	 64.265 
5.14 	 145.278 	 64.907 
5.15 	 144.631 	 63.860 
5.16 	 140.214 	 61.808 
5.17 	 134.024 	 58.772 
5.18 	 128.575 	 54.627 
5.19 	 126.254 	 50.008 
5.20 	 129.624 	 48.949 
5.21 	 135.456 	 56.095 
5.22 	 136.091 	 62.295 
5.23 	 133.178 	 65.815 
5.24 	 128.965 	 67.052 
5.25 	 124.634 	 66.860 
5.26 	 123.244 	 66.214 
5.27 	 123.241 	 65.431 
5.28 	 123.260 	 64.509 
5.29 	 123.337 	 63.465 
5.30 	 124.271 	 62.177 
5.31 	 125.444 	 60.319 
5.32 	 125.654 	 58.259 
5.33 	 125.598 	 56.990 
5.34 	 125.510 	 56.631 
5.35 	 124.928 	 57.107 
5.36 	 124.096 	 58.384 
5.37 	 --undefined-- 	 60.608 
5.38 	 --undefined-- 	 62.635 
5.39 	 --undefined-- 	 63.208 
5.40 	 --undefined-- 	 61.965 
5.41 	 --undefined-- 	 58.925 
5.42 	 --undefined-- 	 56.689 
5.43 	 --undefined-- 	 58.799 
5.44 	 --undefined-- 	 61.226 
5.45 	 --undefined-- 	 62.841 
5.46 	 120.932 	 63.614 
5.47 	 121.425 	 63.537 
5.48 	 121.867 	 62.790 
5.49 	 122.795 	 61.955 
5.50 	 124.544 	 61.548 
5.51 	 125.883 	 61.371 
5.52 	 127.295 	 61.114 
5.53 	 128.768 	 60.978 
5.54 	 129.722 	 61.057 
5.55 	 130.185 	 60.717 
5.56 	 130.522 	 59.554 
5.57 	 131.323 	 58.017 
5.58 	 131.717 	 57.140 
5.59 	 131.620 	 57.337 
5.60 	 131.503 	 58.010 
5.61 	 130.998 	 58.452 
5.62 	 130.442 	 58.694 
5.63 	 130.301 	 58.999 
5.64 	 129.524 	 59.159 
5.65 	 125.452 	 58.803 
5.66 	 --undefined-- 	 57.995 
5.67 	 265.469 	 57.427 
5.68 	 264.197 	 55.550 
5.69 	 --undefined-- 	 51.032 
5.70 	 --undefined-- 	 53.639 
5.71 	 --undefined-- 	 60.671 
5.72 	 120.726 	 65.044 
5.73 	 121.529 	 66.949 
5.74 	 124.589 	 67.010 
5.75 	 127.193 	 66.238 
5.76 	 128.488 	 65.311 
5.77 	 130.102 	 63.860 
5.78 	 131.304 	 61.645 
5.79 	 133.527 	 59.627 
5.80 	 134.665 	 58.285 
5.81 	 131.788 	 56.123 
5.82 	 129.080 	 52.676 
5.83 	 129.177 	 49.791 
5.84 	 130.083 	 49.758 
5.85 	 129.905 	 53.348 
5.86 	 132.600 	 58.061 
5.87 	 137.313 	 61.790 
5.88 	 138.481 	 63.615 
5.89 	 137.569 	 63.695 
5.90 	 136.250 	 62.963 
5.91 	 135.350 	 62.149 
5.92 	 135.220 	 61.231 
5.93 	 134.928 	 60.266 
5.94 	 133.703 	 58.784 
5.95 	 132.213 	 57.237 
5.96 	 --undefined-- 	 58.952 
5.97 	 --undefined-- 	 60.776 
5.98 	 --undefined-- 	 60.059 
5.99 	 --undefined-- 	 56.984 
6.00 	 --undefined-- 	 51.274 
6.01 	 --undefined-- 	 41.943 
6.02 	 --undefined-- 	 32.775 
6.03 	 --undefined-- 	 31.438 
6.04 	 --undefined-- 	 32.280 
6.05 	 --undefined-- 	 34.587 
6.06 	 --undefined-- 	 39.237 
6.07 	 --undefined-- 	 46.897 
6.08 	 165.528 	 55.622 
6.09 	 153.472 	 61.747 
6.10 	 139.312 	 65.033 
6.11 	 134.031 	 65.833 
6.12 	 130.393 	 64.900 
6.13 	 129.274 	 63.334 
6.14 	 127.903 	 61.463 
6.15 	 126.815 	 59.275 
6.16 	 126.542 	 57.499 
6.17 	 124.750 	 56.019 
6.18 	 121.928 	 53.757 
6.19 	 --undefined-- 	 50.563 
6.20 	 --undefined-- 	 49.713 
6.21 	 --undefined-- 	 51.991 
6.22 	 --undefined-- 	 57.226 
6.23 	 125.165 	 63.006 
6.24 	 126.884 	 66.075 
6.25 	 126.699 	 66.650 
6.26 	 123.789 	 65.508 
6.27 	 122.150 	 63.150 
6.28 	 122.315 	 59.403 
6.29 	 123.643 	 53.636 
6.30 	 124.333 	 46.336 
6.31 	 123.844 	 42.239 
6.32 	 --undefined-- 	 40.508 
6.33 	 --undefined-- 	 38.229 
6.34 	 --undefined-- 	 35.531 
6.35 	 --undefined-- 	 34.234 
6.36 	 --undefined-- 	 33.542 
6.37 	 --undefined-- 	 33.896 
6.38 	 --undefined-- 	 45.804 
6.39 	 --undefined-- 	 56.885 
6.40 	 133.355 	 63.603 
6.41 	 127.340 	 66.938 
6.42 	 121.327 	 67.750 
6.43 	 121.608 	 66.896 
6.44 	 121.658 	 65.107 
6.45 	 121.984 	 62.664 
6.46 	 122.419 	 59.654 
6.47 	 121.975 	 56.208 
6.48 	 121.828 	 51.980 
6.49 	 121.718 	 47.012 
6.50 	 121.320 	 43.119 
6.51 	 121.819 	 43.193 
6.52 	 125.346 	 48.411 
6.53 	 127.223 	 53.828 
6.54 	 125.219 	 57.750 
6.55 	 123.902 	 60.128 
6.56 	 123.419 	 61.153 
6.57 	 123.243 	 61.088 
6.58 	 123.437 	 60.482 
6.59 	 123.759 	 60.028 
6.60 	 123.718 	 59.946 
6.61 	 123.479 	 59.941 
6.62 	 123.133 	 59.769 
6.63 	 121.920 	 59.485 
6.64 	 123.339 	 59.588 
6.65 	 123.769 	 60.519 
6.66 	 120.950 	 61.654 
6.67 	 120.317 	 62.349 
6.68 	 120.336 	 62.509 
6.69 	 --undefined-- 	 62.205 
6.70 	 --undefined-- 	 61.455 
6.71 	 --undefined-- 	 60.215 
6.72 	 --undefined-- 	 58.222 
6.73 	 --undefined-- 	 55.740 
6.74 	 --undefined-- 	 54.577 
6.75 	 234.417 	 54.799 
6.76 	 234.165 	 55.127 
6.77 	 233.936 	 55.260 
6.78 	 232.637 	 55.557 
6.79 	 --undefined-- 	 57.830 
6.80 	 --undefined-- 	 61.255 
6.81 	 133.807 	 63.069 
6.82 	 132.773 	 63.151 
6.83 	 129.967 	 62.368 
6.84 	 130.748 	 61.362 
6.85 	 --undefined-- 	 60.699 
6.86 	 --undefined-- 	 60.601 
6.87 	 --undefined-- 	 60.562 
6.88 	 --undefined-- 	 60.454 
6.89 	 --undefined-- 	 60.256 
6.90 	 --undefined-- 	 59.463 
6.91 	 --undefined-- 	 57.854 
6.92 	 --undefined-- 	 56.651 
6.93 	 --undefined-- 	 56.555 
6.94 	 --undefined-- 	 56.456 
6.95 	 120.851 	 55.529 
6.96 	 121.514 	 53.861 
6.97 	 124.050 	 54.378 
6.98 	 138.356 	 57.324 
6.99 	 152.173 	 60.064 
7.00 	 151.110 	 61.760 
7.01 	 149.105 	 62.290 
7.02 	 153.580 	 61.899 
7.03 	 --undefined-- 	 60.877 
7.04 	 --undefined-- 	 59.376 
7.05 	 --undefined-- 	 57.186 
7.06 	 --undefined-- 	 53.900 
7.07 	 --undefined-- 	 51.862 
7.08 	 --undefined-- 	 56.644 
7.09 	 --undefined-- 	 60.487 
7.10 	 --undefined-- 	 61.378 
7.11 	 --undefined-- 	 60.152 
7.12 	 --undefined-- 	 58.213 
7.13 	 --undefined-- 	 56.179 
7.14 	 --undefined-- 	 53.399 
7.15 	 --undefined-- 	 48.680 
7.16 	 --undefined-- 	 41.008 
7.17 	 --undefined-- 	 33.266 
7.18 	 --undefined-- 	 31.132 
7.19 	 --undefined-- 	 30.384 
7.20 	 --undefined-- 	 30.674 
7.21 	 --undefined-- 	 32.349 
7.22 	 --undefined-- 	 37.460 
7.23 	 --undefined-- 	 46.723 
7.24 	 --undefined-- 	 54.895 
7.25 	 --undefined-- 	 59.667 
7.26 	 --undefined-- 	 61.020 
7.27 	 --undefined-- 	 59.340 
7.28 	 --undefined-- 	 56.537 
7.29 	 --undefined-- 	 56.358 
7.30 	 120.388 	 57.536 
7.31 	 120.724 	 58.418 
7.32 	 --undefined-- 	 58.715 
7.33 	 --undefined-- 	 58.187 
7.34 	 --undefined-- 	 56.672 
7.35 	 --undefined-- 	 54.504 
7.36 	 --undefined-- 	 52.321 
7.37 	 121.607 	 50.154 
7.38 	 122.358 	 47.616 
7.39 	 --undefined-- 	 44.595 
7.40 	 135.214 	 42.687 
7.41 	 132.967 	 45.211 
7.42 	 131.176 	 50.040 
7.43 	 126.193 	 54.380 
7.44 	 --undefined-- 	 57.699 
7.45 	 235.165 	 59.675 
7.46 	 234.442 	 60.354 
7.47 	 232.733 	 60.595 
7.48 	 230.124 	 61.018 
7.49 	 226.675 	 61.153 
7.50 	 227.738 	 60.811 
7.51 	 229.472 	 60.306 
7.52 	 --undefined-- 	 60.135 
7.53 	 --undefined-- 	 60.814 
7.54 	 --undefined-- 	 61.916 
7.55 	 --undefined-- 	 62.697 
7.56 	 --undefined-- 	 63.040 
7.57 	 --undefined-- 	 63.115 
7.58 	 --undefined-- 	 62.970 
7.59 	 --undefined-- 	 62.582 
7.60 	 --undefined-- 	 61.579 
7.61 	 --undefined-- 	 59.278 
7.62 	 --undefined-- 	 54.928 
7.63 	 222.569 	 48.883 
7.64 	 219.326 	 45.403 
7.65 	 216.319 	 44.744 
7.66 	 219.057 	 44.231 
7.67 	 --undefined-- 	 45.192 
7.68 	 --undefined-- 	 50.617 
7.69 	 452.039 	 56.019 
7.70 	 448.118 	 59.287 
7.71 	 450.378 	 60.801 
7.72 	 455.160 	 61.119 
7.73 	 456.407 	 60.976 
7.74 	 463.215 	 60.723 
7.75 	 477.500 	 60.490 
7.76 	 --undefined-- 	 60.608 
7.77 	 --undefined-- 	 60.773 
7.78 	 --undefined-- 	 60.796 
7.79 	 --undefined-- 	 60.491 
7.80 	 --undefined-- 	 59.534 
7.81 	 --undefined-- 	 57.541 
7.82 	 229.712 	 53.675 
7.83 	 225.620 	 48.049 
7.84 	 --undefined-- 	 43.083 
7.85 	 --undefined-- 	 39.049 
7.86 	 --undefined-- 	 36.067 
7.87 	 --undefined-- 	 36.057 
7.88 	 --undefined-- 	 37.508 
7.89 	 --undefined-- 	 37.998 
7.90 	 --undefined-- 	 36.926 
7.91 	 --undefined-- 	 34.617 
7.92 	 --undefined-- 	 31.771 
7.93 	 --undefined-- 	 31.331 
7.94 	 --undefined-- 	 34.336 
7.95 	 --undefined-- 	 37.521 
7.96 	 --undefined-- 	 41.653 
7.97 	 143.477 	 46.092 
7.98 	 137.775 	 48.743 
7.99 	 129.335 	 49.587 
8.00 	 --undefined-- 	 50.147 
8.01 	 --undefined-- 	 53.623 
8.02 	 --undefined-- 	 58.658 
8.03 	 --undefined-- 	 62.179 
8.04 	 --undefined-- 	 63.658 
8.05 	 --undefined-- 	 63.048 
8.06 	 --undefined-- 	 60.308 
8.07 	 --undefined-- 	 55.608 
8.08 	 --undefined-- 	 49.701 
8.09 	 --undefined-- 	 43.834 
8.10 	 --undefined-- 	 41.003 
8.11 	 --undefined-- 	 45.747 
8.12 	 --undefined-- 	 54.676 
8.13 	 132.387 	 61.133 
8.14 	 143.835 	 64.817 
8.15 	 155.110 	 66.309 
8.16 	 152.296 	 66.210 
8.17 	 147.693 	 65.178 
8.18 	 145.732 	 64.067 
8.19 	 --undefined-- 	 63.354 
8.20 	 --undefined-- 	 62.853 
8.21 	 --undefined-- 	 62.221 
8.22 	 --undefined-- 	 61.418 
8.23 	 --undefined-- 	 60.702 
8.24 	 --undefined-- 	 59.983 
8.25 	 --undefined-- 	 58.938 
8.26 	 --undefined-- 	 57.195 
8.27 	 --undefined-- 	 54.622 
8.28 	 --undefined-- 	 51.736 
8.29 	 --undefined-- 	 49.157 
8.30 	 --undefined-- 	 47.087 
8.31 	 --undefined-- 	 45.775 
8.32 	 120.444 	 45.509 
8.33 	 120.444 	 46.554 
8.34 	 --undefined-- 	 49.255 
8.35 	 --undefined-- 	 53.078 
8.36 	 --undefined-- 	 57.101 
8.37 	 156.489 	 60.515 
8.38 	 155.006 	 62.818 
8.39 	 151.952 	 63.999 
8.40 	 148.193 	 64.494 
8.41 	 141.403 	 64.523 
8.42 	 135.991 	 63.886 
8.43 	 137.596 	 62.825 
8.44 	 138.208 	 62.022 
8.45 	 136.288 	 61.431 
8.46 	 137.837 	 60.602 
8.47 	 137.159 	 59.896 
8.48 	 136.331 	 59.744 
8.49 	 137.518 	 59.905 
8.50 	 136.790 	 60.180 
8.51 	 137.009 	 60.487 
8.52 	 136.810 	 60.721 
8.53 	 135.691 	 60.785 
8.54 	 135.184 	 60.647 
8.55 	 134.618 	 60.367 
8.56 	 133.714 	 60.012 
8.57 	 133.665 	 59.595 
8.58 	 133.961 	 59.230 
8.59 	 133.852 	 59.066 
8.60 	 133.598 	 59.200 
8.61 	 132.983 	 59.424 
8.62 	 131.997 	 59.324 
8.63 	 --undefined-- 	 58.596 
8.64 	 --undefined-- 	 57.102 
8.65 	 131.072 	 54.632 
8.66 	 131.072 	 52.641 
8.67 	 --undefined-- 	 53.686 
8.68 	 --undefined-- 	 53.303 
8.69 	 196.013 	 49.933 
8.70 	 --undefined-- 	 49.114 
8.71 	 --undefined-- 	 52.144 
8.72 	 --undefined-- 	 54.843 
8.73 	 145.562 	 55.273 
8.74 	 139.529 	 55.195 
8.75 	 201.273 	 56.999 
8.76 	 269.627 	 56.389 
8.77 	 270.204 	 51.791 
8.78 	 --undefined-- 	 44.147 
8.79 	 --undefined-- 	 39.759 
8.80 	 --undefined-- 	 37.742 
8.81 	 --undefined-- 	 35.499 
8.82 	 --undefined-- 	 33.985 
8.83 	 --undefined-- 	 35.600 
8.84 	 --undefined-- 	 38.418 
8.85 	 --undefined-- 	 39.986 
8.86 	 --undefined-- 	 40.140 
8.87 	 --undefined-- 	 39.021 
8.88 	 --undefined-- 	 37.510 
8.89 	 --undefined-- 	 36.706 
8.90 	 --undefined-- 	 36.592 
8.91 	 --undefined-- 	 37.957 
8.92 	 --undefined-- 	 39.079 
8.93 	 --undefined-- 	 38.172 
8.94 	 --undefined-- 	 36.149 
8.95 	 --undefined-- 	 34.755 
8.96 	 --undefined-- 	 34.108 
8.97 	 --undefined-- 	 35.808 
8.98 	 --undefined-- 	 38.520 
8.99 	 --undefined-- 	 40.286 
9.00 	 --undefined-- 	 40.948 
9.01 	 --undefined-- 	 40.721 
9.02 	 --undefined-- 	 39.450 
9.03 	 --undefined-- 	 36.954 
9.04 	 --undefined-- 	 34.940 
9.05 	 --undefined-- 	 39.049 
9.06 	 150.934 	 46.247 
9.07 	 141.090 	 52.403 
9.08 	 135.955 	 58.359 
9.09 	 136.663 	 63.517 
9.10 	 132.550 	 66.721 
9.11 	 133.908 	 67.916 
9.12 	 136.352 	 67.599 
9.13 	 136.634 	 66.086 
9.14 	 134.760 	 63.638 
9.15 	 133.650 	 60.962 
9.16 	 134.296 	 59.520 
9.17 	 134.371 	 59.446 
9.18 	 134.453 	 58.353 
9.19 	 134.948 	 55.899 
9.20 	 135.282 	 55.246 
9.21 	 135.816 	 57.866 
9.22 	 137.042 	 61.293 
9.23 	 139.612 	 64.112 
9.24 	 140.930 	 66.103 
9.25 	 141.435 	 67.304 
9.26 	 142.752 	 67.847 
9.27 	 144.330 	 67.852 
9.28 	 145.969 	 67.224 
9.29 	 147.581 	 66.047 
9.30 	 149.175 	 64.766 
9.31 	 149.435 	 63.339 
9.32 	 145.673 	 60.655 
9.33 	 142.508 	 55.725 
9.34 	 145.750 	 49.451 
9.35 	 148.656 	 46.872 
9.36 	 148.098 	 50.357 
9.37 	 147.486 	 58.032 
9.38 	 144.144 	 63.164 
9.39 	 139.951 	 64.989 
9.40 	 137.028 	 64.314 
9.41 	 133.513 	 62.669 
9.42 	 130.948 	 61.336 
9.43 	 129.952 	 60.666 
9.44 	 129.425 	 60.320 
9.45 	 129.619 	 59.817 
9.46 	 130.948 	 59.744 
9.47 	 131.226 	 59.822 
9.48 	 130.387 	 58.882 
9.49 	 129.848 	 55.881 
9.50 	 129.756 	 50.570 
9.51 	 129.790 	 46.017 
9.52 	 126.431 	 44.200 
9.53 	 122.952 	 42.935 
9.54 	 126.268 	 45.079 
9.55 	 131.457 	 53.016 
9.56 	 134.047 	 59.418 
9.57 	 135.015 	 63.057 
9.58 	 135.766 	 64.548 
9.59 	 136.387 	 64.674 
9.60 	 136.686 	 64.076 
9.61 	 136.955 	 63.041 
9.62 	 136.508 	 61.484 
9.63 	 134.539 	 58.866 
9.64 	 134.556 	 54.530 
9.65 	 135.936 	 49.174 
9.66 	 135.674 	 46.471 
9.67 	 135.225 	 46.939 
9.68 	 134.578 	 51.425 
9.69 	 135.167 	 58.409 
9.70 	 135.270 	 63.043 
9.71 	 134.475 	 64.865 
9.72 	 134.094 	 64.707 
9.73 	 133.387 	 63.810 
9.74 	 132.388 	 62.832 
9.75 	 130.877 	 61.405 
9.76 	 129.487 	 58.558 
9.77 	 130.932 	 53.473 
9.78 	 132.868 	 49.296 
9.79 	 --undefined-- 	 49.847 
9.80 	 --undefined-- 	 49.439 
9.81 	 --undefined-- 	 47.580 
9.82 	 --undefined-- 	 45.859 
9.83 	 --undefined-- 	 46.231 
9.84 	 139.510 	 49.464 
9.85 	 134.347 	 53.318 
9.86 	 130.763 	 56.401 
9.87 	 128.912 	 58.437 
9.88 	 127.599 	 59.655 
9.89 	 127.537 	 60.440 
9.90 	 127.528 	 61.347 
9.91 	 127.684 	 62.964 
9.92 	 127.861 	 64.758 
9.93 	 128.224 	 65.682 
9.94 	 129.006 	 65.584 
9.95 	 129.973 	 65.033 
9.96 	 131.409 	 --undefined-- 
9.97 	 132.052 	 --undefined-- 
9.98 	 131.823 	 --undefined-- 
9.99 	 --undefined-- 	 --undefined-- 
10.00 	 --undefined-- 	 --undefined-- 
