'timestamp' 	 'F1Value' 	 'F2Value' 
'numInterv' 	 1000 
0.005 	 --undefined-- 	 --undefined-- 
0.015 	 --undefined-- 	 --undefined-- 
0.025 	 --undefined-- 	 --undefined-- 
0.035 	 464.3 	 2065.4 
0.045 	 458.9 	 1946.4 
0.055 	 657.7 	 1942.1 
0.065 	 403.2 	 1948.8 
0.075 	 315.8 	 1824.5 
0.085 	 316.1 	 1651.6 
0.095 	 349.3 	 1680.4 
0.105 	 279.7 	 1736.0 
0.115 	 528.8 	 1980.8 
0.125 	 1090.6 	 2240.0 
0.135 	 1196.1 	 2329.4 
0.145 	 733.3 	 2093.3 
0.155 	 647.3 	 2005.4 
0.165 	 1054.6 	 2127.7 
0.175 	 853.5 	 1937.4 
0.185 	 444.2 	 1781.0 
0.195 	 811.6 	 1730.8 
0.205 	 1061.1 	 2067.2 
0.215 	 793.7 	 2092.4 
0.225 	 673.7 	 1902.7 
0.235 	 670.7 	 2162.8 
0.245 	 657.6 	 1945.1 
0.255 	 798.1 	 2014.8 
0.265 	 793.6 	 1948.8 
0.275 	 718.0 	 1782.7 
0.285 	 662.2 	 1874.7 
0.295 	 472.5 	 1691.7 
0.305 	 431.2 	 1694.0 
0.315 	 407.0 	 1577.6 
0.325 	 374.2 	 1382.7 
0.335 	 349.8 	 1355.7 
0.345 	 620.7 	 1615.7 
0.355 	 821.4 	 1577.8 
0.365 	 867.9 	 1232.2 
0.375 	 893.1 	 1563.1 
0.385 	 688.6 	 1896.9 
0.395 	 569.4 	 1658.0 
0.405 	 699.4 	 1624.0 
0.415 	 697.3 	 1674.7 
0.425 	 520.0 	 1714.7 
0.435 	 580.8 	 1713.9 
0.445 	 634.1 	 2053.5 
0.455 	 487.1 	 2185.6 
0.465 	 414.3 	 1853.2 
0.475 	 422.4 	 1870.7 
0.485 	 439.2 	 1861.2 
0.495 	 415.6 	 1619.0 
0.505 	 470.9 	 1747.9 
0.515 	 372.1 	 1935.7 
0.525 	 1047.2 	 2355.8 
0.535 	 1014.8 	 2287.6 
0.545 	 579.1 	 1782.8 
0.555 	 1038.3 	 2019.5 
0.565 	 933.0 	 2276.9 
0.575 	 881.1 	 2253.0 
0.585 	 639.1 	 1981.4 
0.595 	 377.2 	 1780.6 
0.605 	 662.1 	 1953.7 
0.615 	 885.0 	 2049.4 
0.625 	 835.5 	 1971.9 
0.635 	 943.1 	 2062.4 
0.645 	 1076.5 	 2152.9 
0.655 	 1048.7 	 2069.5 
0.665 	 913.9 	 1913.4 
0.675 	 895.3 	 2035.6 
0.685 	 666.1 	 1990.7 
0.695 	 635.7 	 1868.0 
0.705 	 924.3 	 2031.0 
0.715 	 1028.8 	 2325.3 
0.725 	 1031.6 	 2314.9 
0.735 	 794.1 	 2083.0 
0.745 	 484.6 	 1845.8 
0.755 	 357.7 	 1790.3 
0.765 	 357.3 	 2167.1 
0.775 	 520.7 	 2397.8 
0.785 	 614.9 	 2638.4 
0.795 	 547.7 	 2751.3 
0.805 	 482.5 	 2214.9 
0.815 	 603.3 	 2272.2 
0.825 	 757.3 	 2297.3 
0.835 	 638.9 	 1662.3 
0.845 	 539.6 	 1553.8 
0.855 	 508.8 	 1572.6 
0.865 	 583.2 	 1805.1 
0.875 	 662.8 	 1923.7 
0.885 	 740.8 	 2196.4 
0.895 	 800.1 	 2640.4 
0.905 	 746.6 	 2441.9 
0.915 	 753.9 	 2256.7 
0.925 	 742.0 	 2243.9 
0.935 	 628.5 	 2193.6 
0.945 	 585.7 	 2088.4 
0.955 	 619.0 	 1984.1 
0.965 	 722.6 	 1919.2 
0.975 	 822.6 	 2163.9 
0.985 	 696.1 	 2121.6 
0.995 	 379.2 	 1649.8 
1.005 	 309.7 	 1639.2 
1.015 	 420.2 	 1776.5 
1.025 	 448.6 	 1908.2 
1.035 	 489.6 	 2014.3 
1.045 	 821.6 	 2005.0 
1.055 	 1290.8 	 2257.5 
1.065 	 1057.7 	 2308.7 
1.075 	 595.2 	 1965.8 
1.085 	 480.4 	 1780.2 
1.095 	 1062.5 	 1927.7 
1.105 	 1699.5 	 2347.7 
1.115 	 1001.8 	 2132.6 
1.125 	 353.6 	 1744.1 
1.135 	 1058.7 	 2218.2 
1.145 	 1598.8 	 2632.8 
1.155 	 864.4 	 2127.2 
1.165 	 255.2 	 1640.5 
1.175 	 291.1 	 1656.6 
1.185 	 312.2 	 1792.6 
1.195 	 346.1 	 2063.3 
1.205 	 329.0 	 1953.9 
1.215 	 339.8 	 1675.8 
1.225 	 392.2 	 1751.3 
1.235 	 335.5 	 1845.3 
1.245 	 334.4 	 1936.7 
1.255 	 360.3 	 1894.6 
1.265 	 326.8 	 1698.8 
1.275 	 335.4 	 1675.5 
1.285 	 357.4 	 1608.9 
1.295 	 944.2 	 2160.9 
1.305 	 927.0 	 2207.8 
1.315 	 421.2 	 1377.2 
1.325 	 437.5 	 1444.2 
1.335 	 408.0 	 1682.0 
1.345 	 445.9 	 1645.6 
1.355 	 403.8 	 1774.2 
1.365 	 443.7 	 1860.5 
1.375 	 527.5 	 1799.7 
1.385 	 514.0 	 1761.4 
1.395 	 502.4 	 1770.1 
1.405 	 540.6 	 1693.6 
1.415 	 561.0 	 1552.7 
1.425 	 533.6 	 1538.2 
1.435 	 496.7 	 1562.3 
1.445 	 483.8 	 1535.2 
1.455 	 466.5 	 1488.3 
1.465 	 494.0 	 1475.4 
1.475 	 554.2 	 1606.6 
1.485 	 516.7 	 1714.7 
1.495 	 442.9 	 1679.0 
1.505 	 436.6 	 1629.9 
1.515 	 450.0 	 1671.7 
1.525 	 445.3 	 1690.4 
1.535 	 438.6 	 1657.3 
1.545 	 445.7 	 1645.9 
1.555 	 527.7 	 1690.7 
1.565 	 635.8 	 1742.3 
1.575 	 662.9 	 1725.1 
1.585 	 659.9 	 1722.7 
1.595 	 654.2 	 1730.9 
1.605 	 654.4 	 1751.5 
1.615 	 657.5 	 1756.5 
1.625 	 656.6 	 1732.6 
1.635 	 662.9 	 1720.7 
1.645 	 661.8 	 1719.2 
1.655 	 652.6 	 1714.9 
1.665 	 654.5 	 1755.1 
1.675 	 652.8 	 1775.7 
1.685 	 633.3 	 1656.0 
1.695 	 626.9 	 1642.5 
1.705 	 682.4 	 1816.1 
1.715 	 700.5 	 1813.5 
1.725 	 579.6 	 1740.5 
1.735 	 504.8 	 1743.0 
1.745 	 628.5 	 1441.9 
1.755 	 641.6 	 1615.2 
1.765 	 540.1 	 2005.8 
1.775 	 461.1 	 1966.0 
1.785 	 416.1 	 1947.7 
1.795 	 407.4 	 1789.8 
1.805 	 400.7 	 1654.0 
1.815 	 454.3 	 1733.0 
1.825 	 1075.0 	 2474.7 
1.835 	 1316.4 	 2581.2 
1.845 	 731.7 	 2033.1 
1.855 	 506.4 	 1953.7 
1.865 	 569.6 	 1749.2 
1.875 	 640.4 	 1654.9 
1.885 	 659.3 	 1586.4 
1.895 	 697.8 	 1462.4 
1.905 	 764.4 	 1430.8 
1.915 	 811.3 	 1476.1 
1.925 	 838.1 	 1532.2 
1.935 	 817.5 	 1428.7 
1.945 	 788.3 	 1359.9 
1.955 	 799.3 	 1381.6 
1.965 	 791.2 	 1379.0 
1.975 	 787.4 	 1385.0 
1.985 	 785.3 	 1397.9 
1.995 	 789.3 	 1402.3 
2.005 	 787.2 	 1405.7 
2.015 	 772.8 	 1456.5 
2.025 	 783.9 	 1541.8 
2.035 	 782.0 	 1558.9 
2.045 	 801.1 	 1379.5 
2.055 	 752.5 	 1417.5 
2.065 	 588.1 	 1787.6 
2.075 	 367.5 	 1723.7 
2.085 	 424.5 	 1643.9 
2.095 	 1110.3 	 2078.0 
2.105 	 1062.8 	 2043.0 
2.115 	 579.8 	 1726.6 
2.125 	 590.2 	 1688.3 
2.135 	 562.7 	 1702.9 
2.145 	 486.6 	 1787.0 
2.155 	 347.3 	 1735.5 
2.165 	 397.0 	 1643.4 
2.175 	 350.0 	 1699.1 
2.185 	 461.7 	 1818.5 
2.195 	 593.4 	 1812.1 
2.205 	 521.7 	 1761.1 
2.215 	 548.2 	 1713.7 
2.225 	 603.1 	 1696.7 
2.235 	 598.4 	 1717.9 
2.245 	 1001.0 	 2048.6 
2.255 	 1471.5 	 2111.4 
2.265 	 879.7 	 1721.5 
2.275 	 930.6 	 1606.8 
2.285 	 1612.8 	 2205.7 
2.295 	 1544.7 	 2623.7 
2.305 	 954.5 	 1977.2 
2.315 	 480.3 	 1509.3 
2.325 	 944.8 	 2091.2 
2.335 	 1453.6 	 2657.5 
2.345 	 829.2 	 2130.3 
2.355 	 248.2 	 1672.5 
2.365 	 827.7 	 1864.5 
2.375 	 868.3 	 1932.6 
2.385 	 1108.7 	 2354.0 
2.395 	 1810.6 	 2824.0 
2.405 	 1763.8 	 2758.2 
2.415 	 1801.1 	 2748.8 
2.425 	 1707.9 	 2691.1 
2.435 	 1684.2 	 2636.9 
2.445 	 1713.1 	 2708.8 
2.455 	 1771.1 	 2769.4 
2.465 	 1156.7 	 2449.0 
2.475 	 299.9 	 1930.9 
2.485 	 241.0 	 1673.3 
2.495 	 222.8 	 1619.8 
2.505 	 282.6 	 1987.0 
2.515 	 371.5 	 2090.0 
2.525 	 345.3 	 1792.4 
2.535 	 334.9 	 1722.3 
2.545 	 334.7 	 1745.7 
2.555 	 330.4 	 1774.7 
2.565 	 274.9 	 1694.9 
2.575 	 539.7 	 1680.0 
2.585 	 705.1 	 2256.2 
2.595 	 527.3 	 2668.5 
2.605 	 530.3 	 2520.0 
2.615 	 1523.5 	 3024.0 
2.625 	 1471.6 	 3043.2 
2.635 	 1471.9 	 3103.2 
2.645 	 2575.8 	 3571.3 
2.655 	 1504.8 	 3070.4 
2.665 	 453.9 	 2616.6 
2.675 	 498.6 	 2553.3 
2.685 	 471.5 	 2589.2 
2.695 	 404.8 	 2136.8 
2.705 	 400.4 	 1626.1 
2.715 	 518.6 	 1603.0 
2.725 	 572.9 	 1599.3 
2.735 	 588.3 	 1572.4 
2.745 	 604.4 	 1542.6 
2.755 	 610.8 	 1548.8 
2.765 	 585.3 	 1605.2 
2.775 	 558.9 	 1653.1 
2.785 	 581.5 	 1775.9 
2.795 	 542.1 	 1827.3 
2.805 	 515.7 	 1903.7 
2.815 	 540.5 	 2001.2 
2.825 	 527.2 	 2077.6 
2.835 	 590.8 	 2140.5 
2.845 	 548.4 	 2124.0 
2.855 	 563.2 	 2085.6 
2.865 	 617.6 	 2032.1 
2.875 	 1175.7 	 2429.0 
2.885 	 1459.9 	 2328.2 
2.895 	 793.1 	 1850.2 
2.905 	 1123.6 	 2283.9 
2.915 	 1037.2 	 2277.0 
2.925 	 992.5 	 1839.3 
2.935 	 1744.1 	 1880.2 
2.945 	 1101.5 	 1870.7 
2.955 	 836.0 	 1944.8 
2.965 	 869.7 	 1970.8 
2.975 	 1120.0 	 2408.4 
2.985 	 1234.3 	 2404.9 
2.995 	 848.4 	 1945.3 
3.005 	 1403.2 	 2479.6 
3.015 	 1056.5 	 2373.6 
3.025 	 1035.3 	 2359.1 
3.035 	 1529.7 	 2418.6 
3.045 	 1211.2 	 1814.8 
3.055 	 1051.0 	 1871.7 
3.065 	 1085.0 	 2035.4 
3.075 	 1135.9 	 1940.5 
3.085 	 1219.6 	 2225.0 
3.095 	 851.6 	 2232.8 
3.105 	 669.2 	 2130.3 
3.115 	 954.9 	 2281.8 
3.125 	 655.4 	 2019.9 
3.135 	 403.8 	 2107.6 
3.145 	 633.7 	 2258.9 
3.155 	 748.5 	 2104.4 
3.165 	 470.6 	 1871.4 
3.175 	 355.4 	 1638.1 
3.185 	 432.9 	 1531.8 
3.195 	 456.3 	 1456.5 
3.205 	 450.3 	 1438.6 
3.215 	 400.8 	 1341.5 
3.225 	 318.2 	 1323.2 
3.235 	 248.7 	 1473.1 
3.245 	 263.6 	 1583.4 
3.255 	 375.3 	 1812.5 
3.265 	 402.8 	 1930.6 
3.275 	 420.1 	 1989.5 
3.285 	 489.5 	 2128.4 
3.295 	 476.8 	 2155.4 
3.305 	 700.8 	 2109.9 
3.315 	 698.0 	 1988.6 
3.325 	 419.8 	 1881.6 
3.335 	 382.5 	 1838.3 
3.345 	 538.2 	 1843.4 
3.355 	 755.9 	 1871.6 
3.365 	 1212.0 	 1833.3 
3.375 	 1405.4 	 1940.1 
3.385 	 893.5 	 2005.8 
3.395 	 675.1 	 1895.6 
3.405 	 717.4 	 1866.2 
3.415 	 669.6 	 1843.7 
3.425 	 851.2 	 1880.2 
3.435 	 1329.5 	 1926.6 
3.445 	 1376.1 	 1907.9 
3.455 	 721.4 	 1898.5 
3.465 	 263.3 	 1878.8 
3.475 	 438.0 	 1866.2 
3.485 	 708.7 	 1869.1 
3.495 	 784.8 	 1908.1 
3.505 	 867.4 	 1932.4 
3.515 	 743.2 	 1922.8 
3.525 	 683.0 	 1911.5 
3.535 	 1012.7 	 1904.4 
3.545 	 1009.0 	 1944.9 
3.555 	 879.0 	 1937.9 
3.565 	 966.5 	 1886.7 
3.575 	 1028.1 	 1867.6 
3.585 	 950.9 	 1880.3 
3.595 	 707.3 	 1883.9 
3.605 	 1091.8 	 1873.0 
3.615 	 1241.6 	 1854.3 
3.625 	 863.7 	 1875.4 
3.635 	 666.2 	 1827.7 
3.645 	 602.3 	 1801.1 
3.655 	 482.2 	 1797.9 
3.665 	 823.8 	 1775.6 
3.675 	 1052.6 	 1796.5 
3.685 	 556.5 	 1760.0 
3.695 	 429.3 	 1767.4 
3.705 	 431.3 	 1730.2 
3.715 	 413.7 	 1729.6 
3.725 	 643.8 	 1973.7 
3.735 	 876.8 	 2144.8 
3.745 	 841.2 	 2097.8 
3.755 	 1342.3 	 2473.3 
3.765 	 1128.6 	 2443.9 
3.775 	 769.1 	 2084.0 
3.785 	 852.9 	 1909.2 
3.795 	 706.9 	 1660.9 
3.805 	 898.3 	 1666.9 
3.815 	 941.8 	 1652.7 
3.825 	 994.4 	 1654.6 
3.835 	 966.6 	 1669.4 
3.845 	 852.1 	 1567.5 
3.855 	 764.1 	 1455.5 
3.865 	 737.6 	 1455.2 
3.875 	 741.1 	 1470.3 
3.885 	 750.6 	 1482.9 
3.895 	 753.8 	 1508.6 
3.905 	 744.9 	 1562.0 
3.915 	 724.3 	 1629.0 
3.925 	 701.3 	 1691.0 
3.935 	 680.1 	 1761.3 
3.945 	 660.1 	 1824.8 
3.955 	 629.9 	 1862.8 
3.965 	 591.1 	 1890.6 
3.975 	 572.8 	 1912.4 
3.985 	 570.0 	 1916.8 
3.995 	 560.3 	 1891.6 
4.005 	 548.5 	 1850.8 
4.015 	 547.2 	 1821.6 
4.025 	 545.4 	 1790.2 
4.035 	 531.6 	 1748.7 
4.045 	 517.3 	 1682.5 
4.055 	 506.8 	 1599.6 
4.065 	 492.9 	 1539.7 
4.075 	 475.1 	 1487.8 
4.085 	 462.9 	 1428.6 
4.095 	 872.5 	 1814.3 
4.105 	 1277.8 	 2227.8 
4.115 	 1294.6 	 2210.2 
4.125 	 1377.1 	 2294.8 
4.135 	 947.8 	 1949.3 
4.145 	 442.5 	 1513.3 
4.155 	 441.2 	 1544.3 
4.165 	 460.2 	 1580.2 
4.175 	 463.3 	 1588.0 
4.185 	 464.3 	 1567.3 
4.195 	 469.7 	 1500.5 
4.205 	 488.1 	 1395.8 
4.215 	 529.2 	 1314.7 
4.225 	 583.4 	 1265.0 
4.235 	 626.4 	 1247.5 
4.245 	 667.1 	 1268.3 
4.255 	 701.0 	 1296.0 
4.265 	 724.5 	 1323.1 
4.275 	 739.7 	 1351.8 
4.285 	 741.3 	 1385.1 
4.295 	 742.8 	 1413.0 
4.305 	 739.9 	 1429.2 
4.315 	 736.2 	 1448.8 
4.325 	 714.3 	 1470.0 
4.335 	 670.0 	 1483.0 
4.345 	 635.0 	 1482.8 
4.355 	 506.6 	 1468.3 
4.365 	 337.4 	 1462.5 
4.375 	 283.9 	 1441.8 
4.385 	 267.6 	 1397.0 
4.395 	 244.1 	 1391.4 
4.405 	 232.6 	 1433.2 
4.415 	 232.3 	 1446.3 
4.425 	 244.4 	 1425.8 
4.435 	 239.7 	 1446.5 
4.445 	 271.6 	 1471.0 
4.455 	 368.6 	 1465.0 
4.465 	 435.6 	 1485.7 
4.475 	 460.8 	 1565.0 
4.485 	 478.1 	 1538.2 
4.495 	 486.1 	 1437.0 
4.505 	 450.7 	 1490.3 
4.515 	 417.7 	 1452.7 
4.525 	 421.5 	 1578.8 
4.535 	 443.2 	 1897.6 
4.545 	 522.2 	 1776.8 
4.555 	 558.3 	 1603.7 
4.565 	 463.9 	 1664.4 
4.575 	 286.7 	 1997.3 
4.585 	 244.9 	 2244.6 
4.595 	 333.3 	 1878.9 
4.605 	 381.0 	 1244.8 
4.615 	 408.0 	 1277.9 
4.625 	 419.0 	 1594.0 
4.635 	 420.1 	 1397.6 
4.645 	 412.3 	 1219.9 
4.655 	 407.1 	 1224.1 
4.665 	 397.4 	 1287.1 
4.675 	 370.5 	 1312.8 
4.685 	 348.2 	 1315.2 
4.695 	 351.9 	 1514.0 
4.705 	 360.6 	 1594.5 
4.715 	 370.4 	 1445.2 
4.725 	 375.7 	 1340.5 
4.735 	 383.5 	 1246.1 
4.745 	 447.2 	 1173.2 
4.755 	 559.8 	 1032.1 
4.765 	 716.6 	 893.5 
4.775 	 816.2 	 884.1 
4.785 	 826.2 	 878.4 
4.795 	 835.6 	 849.7 
4.805 	 844.2 	 878.0 
4.815 	 864.3 	 924.6 
4.825 	 845.1 	 1008.2 
4.835 	 747.9 	 1140.5 
4.845 	 697.9 	 1235.0 
4.855 	 749.2 	 1336.6 
4.865 	 751.6 	 1494.8 
4.875 	 708.6 	 1569.6 
4.885 	 981.2 	 1715.3 
4.895 	 925.1 	 1857.1 
4.905 	 586.1 	 1896.2 
4.915 	 570.0 	 1988.7 
4.925 	 551.4 	 2039.0 
4.935 	 549.5 	 2063.0 
4.945 	 557.3 	 2097.2 
4.955 	 583.5 	 2134.0 
4.965 	 596.5 	 2187.7 
4.975 	 587.6 	 2196.6 
4.985 	 530.9 	 2135.3 
4.995 	 416.8 	 1881.8 
5.005 	 370.4 	 1582.2 
5.015 	 344.8 	 1269.3 
5.025 	 320.9 	 1395.1 
5.035 	 332.8 	 1756.3 
5.045 	 305.6 	 1589.0 
5.055 	 545.9 	 1552.9 
5.065 	 680.3 	 1576.5 
5.075 	 669.9 	 1685.3 
5.085 	 728.0 	 1897.1 
5.095 	 599.8 	 1803.3 
5.105 	 697.9 	 1821.8 
5.115 	 737.2 	 1888.9 
5.125 	 642.9 	 1824.2 
5.135 	 764.2 	 2010.5 
5.145 	 811.4 	 2135.5 
5.155 	 743.3 	 2282.5 
5.165 	 936.2 	 2552.9 
5.175 	 1042.3 	 1906.0 
5.185 	 835.9 	 1221.4 
5.195 	 731.7 	 1241.0 
5.205 	 736.6 	 1301.1 
5.215 	 742.1 	 1365.3 
5.225 	 736.4 	 1394.9 
5.235 	 734.5 	 1366.7 
5.245 	 727.0 	 1323.0 
5.255 	 724.0 	 1307.4 
5.265 	 722.5 	 1298.0 
5.275 	 722.4 	 1285.9 
5.285 	 730.6 	 1280.1 
5.295 	 738.7 	 1268.0 
5.305 	 742.6 	 1251.7 
5.315 	 750.2 	 1244.0 
5.325 	 756.0 	 1239.4 
5.335 	 750.5 	 1236.7 
5.345 	 752.3 	 1247.6 
5.355 	 757.0 	 1265.6 
5.365 	 749.9 	 1275.5 
5.375 	 751.0 	 1279.9 
5.385 	 757.8 	 1281.8 
5.395 	 762.4 	 1280.7 
5.405 	 765.8 	 1283.9 
5.415 	 766.1 	 1298.0 
5.425 	 764.9 	 1304.9 
5.435 	 760.6 	 1292.7 
5.445 	 761.1 	 1301.0 
5.455 	 768.3 	 1306.7 
5.465 	 774.6 	 1298.6 
5.475 	 778.1 	 1305.6 
5.485 	 789.4 	 1300.4 
5.495 	 815.0 	 1334.7 
5.505 	 838.2 	 1386.2 
5.515 	 865.3 	 1392.9 
5.525 	 947.4 	 1358.9 
5.535 	 969.9 	 1365.2 
5.545 	 901.9 	 1378.4 
5.555 	 852.1 	 1311.7 
5.565 	 844.6 	 1311.2 
5.575 	 854.8 	 1379.1 
5.585 	 841.3 	 1423.9 
5.595 	 822.2 	 1458.4 
5.605 	 799.9 	 1486.9 
5.615 	 780.2 	 1507.3 
5.625 	 753.1 	 1503.7 
5.635 	 712.8 	 1480.3 
5.645 	 651.4 	 1419.8 
5.655 	 930.5 	 1956.6 
5.665 	 1226.5 	 2442.3 
5.675 	 1193.3 	 2351.4 
5.685 	 1112.3 	 2476.4 
5.695 	 972.7 	 2553.6 
5.705 	 731.6 	 1894.8 
5.715 	 521.7 	 1244.9 
5.725 	 491.3 	 1183.9 
5.735 	 481.3 	 1168.6 
5.745 	 430.7 	 1241.2 
5.755 	 388.1 	 1354.1 
5.765 	 382.3 	 1479.6 
5.775 	 418.4 	 1599.4 
5.785 	 481.7 	 1650.0 
5.795 	 545.5 	 1635.4 
5.805 	 597.4 	 1605.8 
5.815 	 636.1 	 1563.4 
5.825 	 677.3 	 1525.4 
5.835 	 706.3 	 1530.9 
5.845 	 716.9 	 1569.6 
5.855 	 723.8 	 1615.0 
5.865 	 726.3 	 1662.7 
5.875 	 697.6 	 1692.2 
5.885 	 905.6 	 1814.7 
5.895 	 1110.0 	 1957.9 
5.905 	 934.1 	 1971.4 
5.915 	 1009.7 	 1916.9 
5.925 	 949.4 	 1813.5 
5.935 	 649.7 	 1834.3 
5.945 	 632.7 	 1948.4 
5.955 	 633.8 	 2001.8 
5.965 	 630.0 	 2043.0 
5.975 	 618.1 	 2060.8 
5.985 	 608.6 	 2058.2 
5.995 	 589.3 	 2057.4 
6.005 	 568.4 	 2062.1 
6.015 	 559.6 	 2069.6 
6.025 	 544.8 	 2068.6 
6.035 	 527.0 	 2084.5 
6.045 	 486.4 	 2128.6 
6.055 	 430.7 	 2154.0 
6.065 	 356.2 	 2063.3 
6.075 	 548.0 	 2070.5 
6.085 	 1086.3 	 2184.9 
6.095 	 1223.9 	 2212.2 
6.105 	 1430.8 	 2742.9 
6.115 	 1402.3 	 3100.1 
6.125 	 1296.6 	 2978.4 
6.135 	 1412.5 	 2811.3 
6.145 	 951.9 	 2704.4 
6.155 	 692.6 	 2835.3 
6.165 	 745.6 	 2879.2 
6.175 	 1752.0 	 3122.5 
6.185 	 1771.9 	 3092.9 
6.195 	 1778.2 	 3162.6 
6.205 	 2537.2 	 2934.2 
6.215 	 2014.6 	 2514.8 
6.225 	 1703.5 	 2682.1 
6.235 	 1684.5 	 2744.7 
6.245 	 1570.5 	 2760.6 
6.255 	 1501.1 	 2797.0 
6.265 	 1512.5 	 2511.6 
6.275 	 1310.9 	 2210.8 
6.285 	 909.1 	 2281.0 
6.295 	 1300.3 	 2659.4 
6.305 	 1214.2 	 2541.3 
6.315 	 664.4 	 2184.5 
6.325 	 966.0 	 2185.6 
6.335 	 821.6 	 1925.0 
6.345 	 453.9 	 1841.3 
6.355 	 1090.6 	 2288.4 
6.365 	 1816.6 	 2554.1 
6.375 	 1706.8 	 2341.5 
6.385 	 1137.6 	 2092.8 
6.395 	 596.6 	 1890.7 
6.405 	 487.0 	 1812.9 
6.415 	 464.1 	 1730.4 
6.425 	 476.0 	 1663.3 
6.435 	 797.3 	 1825.9 
6.445 	 795.1 	 1853.6 
6.455 	 760.5 	 1728.0 
6.465 	 943.6 	 1741.6 
6.475 	 826.0 	 1698.3 
6.485 	 496.8 	 1673.2 
6.495 	 319.5 	 1709.4 
6.505 	 505.1 	 1711.7 
6.515 	 673.2 	 1713.5 
6.525 	 929.1 	 1748.5 
6.535 	 809.2 	 1818.6 
6.545 	 664.1 	 1984.4 
6.555 	 580.4 	 2191.0 
6.565 	 302.1 	 2114.5 
6.575 	 969.7 	 2234.9 
6.585 	 1769.2 	 2722.6 
6.595 	 1505.1 	 2450.9 
6.605 	 1373.8 	 2286.4 
6.615 	 1298.8 	 2032.7 
6.625 	 696.6 	 1492.0 
6.635 	 563.6 	 1403.7 
6.645 	 765.3 	 1401.9 
6.655 	 780.9 	 1500.4 
6.665 	 758.0 	 1459.8 
6.675 	 737.5 	 1435.4 
6.685 	 729.1 	 1472.4 
6.695 	 718.5 	 1502.8 
6.705 	 705.5 	 1508.2 
6.715 	 690.9 	 1494.2 
6.725 	 681.4 	 1462.6 
6.735 	 665.6 	 1408.1 
6.745 	 631.5 	 1346.5 
6.755 	 545.7 	 1367.8 
6.765 	 891.4 	 2012.2 
6.775 	 1277.9 	 2266.7 
6.785 	 1195.3 	 2102.1 
6.795 	 706.4 	 1810.6 
6.805 	 310.8 	 1329.0 
6.815 	 314.9 	 1340.7 
6.825 	 477.2 	 1481.9 
6.835 	 856.1 	 1572.7 
6.845 	 1003.3 	 1589.2 
6.855 	 1136.0 	 1892.5 
6.865 	 1347.0 	 2214.0 
6.875 	 1275.8 	 2292.0 
6.885 	 867.7 	 1860.9 
6.895 	 580.9 	 1421.2 
6.905 	 603.4 	 1431.7 
6.915 	 624.9 	 1413.6 
6.925 	 650.8 	 1369.2 
6.935 	 697.0 	 1329.4 
6.945 	 742.0 	 1303.5 
6.955 	 762.7 	 1275.9 
6.965 	 758.9 	 1241.4 
6.975 	 777.4 	 1150.8 
6.985 	 994.2 	 1773.5 
6.995 	 1171.2 	 2478.5 
7.005 	 1163.9 	 2461.2 
7.015 	 1166.3 	 2245.4 
7.025 	 1153.7 	 2096.4 
7.035 	 1190.0 	 2360.0 
7.045 	 1196.2 	 2514.6 
7.055 	 1148.9 	 2143.9 
7.065 	 1149.9 	 1987.7 
7.075 	 916.0 	 1649.3 
7.085 	 731.9 	 1219.5 
7.095 	 805.6 	 1326.2 
7.105 	 820.3 	 1408.6 
7.115 	 812.9 	 1450.9 
7.125 	 796.7 	 1476.5 
7.135 	 772.6 	 1508.8 
7.145 	 744.6 	 1546.0 
7.155 	 701.6 	 1555.3 
7.165 	 634.0 	 1514.8 
7.175 	 586.0 	 1457.9 
7.185 	 528.8 	 1433.5 
7.195 	 489.0 	 1426.3 
7.205 	 535.1 	 1424.1 
7.215 	 597.3 	 1430.3 
7.225 	 633.9 	 1407.7 
7.235 	 411.3 	 1333.5 
7.245 	 704.6 	 1869.4 
7.255 	 1228.0 	 2433.3 
7.265 	 711.9 	 1817.1 
7.275 	 673.7 	 1852.5 
7.285 	 956.9 	 1835.6 
7.295 	 769.5 	 1276.8 
7.305 	 779.7 	 1396.5 
7.315 	 784.0 	 1452.6 
7.325 	 771.8 	 1502.1 
7.335 	 743.0 	 1563.5 
7.345 	 706.5 	 1617.3 
7.355 	 665.8 	 1658.6 
7.365 	 586.8 	 1664.9 
7.375 	 549.4 	 1616.6 
7.385 	 571.5 	 1713.2 
7.395 	 551.8 	 1872.0 
7.405 	 528.5 	 1949.6 
7.415 	 521.9 	 2063.7 
7.425 	 488.7 	 2148.1 
7.435 	 466.6 	 2142.1 
7.445 	 549.7 	 2111.4 
7.455 	 631.7 	 2034.8 
7.465 	 615.0 	 1971.0 
7.475 	 561.3 	 2176.1 
7.485 	 1029.9 	 2798.8 
7.495 	 1064.2 	 2709.3 
7.505 	 588.0 	 2373.3 
7.515 	 583.5 	 2619.9 
7.525 	 521.3 	 2653.1 
7.535 	 526.8 	 2497.7 
7.545 	 615.3 	 2473.3 
7.555 	 611.7 	 2511.8 
7.565 	 535.7 	 2523.0 
7.575 	 420.3 	 2305.0 
7.585 	 382.7 	 1974.5 
7.595 	 410.4 	 1924.2 
7.605 	 417.1 	 1893.3 
7.615 	 418.9 	 1755.6 
7.625 	 415.3 	 1691.6 
7.635 	 387.1 	 1852.2 
7.645 	 382.8 	 1952.1 
7.655 	 426.9 	 1923.1 
7.665 	 442.7 	 1938.0 
7.675 	 439.3 	 1806.9 
7.685 	 600.8 	 1535.8 
7.695 	 682.1 	 1517.8 
7.705 	 644.5 	 1522.4 
7.715 	 728.6 	 1398.6 
7.725 	 758.4 	 1312.3 
7.735 	 737.5 	 1274.9 
7.745 	 738.7 	 1293.8 
7.755 	 748.7 	 1307.9 
7.765 	 743.3 	 1341.5 
7.775 	 722.1 	 1407.2 
7.785 	 689.6 	 1472.8 
7.795 	 635.3 	 1530.1 
7.805 	 573.0 	 1563.2 
7.815 	 783.5 	 1470.9 
7.825 	 836.0 	 1359.6 
7.835 	 646.3 	 1371.5 
7.845 	 643.3 	 1362.9 
7.855 	 676.1 	 1367.5 
7.865 	 614.7 	 1293.5 
7.875 	 444.4 	 1201.4 
7.885 	 373.9 	 1243.5 
7.895 	 380.7 	 1246.4 
7.905 	 313.1 	 1231.7 
7.915 	 729.1 	 1867.0 
7.925 	 911.6 	 1862.0 
7.935 	 636.1 	 1257.4 
7.945 	 678.6 	 1328.6 
7.955 	 697.1 	 1387.7 
7.965 	 698.1 	 1447.2 
7.975 	 698.0 	 1518.1 
7.985 	 702.4 	 1586.8 
7.995 	 692.5 	 1645.2 
8.005 	 649.7 	 1693.1 
8.015 	 583.1 	 1673.7 
8.025 	 483.3 	 1623.1 
8.035 	 385.2 	 1604.8 
8.045 	 327.5 	 1592.4 
8.055 	 311.4 	 1553.6 
8.065 	 334.2 	 1554.9 
8.075 	 392.7 	 1552.6 
8.085 	 486.7 	 1496.0 
8.095 	 570.5 	 1493.2 
8.105 	 606.3 	 1588.3 
8.115 	 601.8 	 1668.2 
8.125 	 583.5 	 1629.1 
8.135 	 578.7 	 1768.4 
8.145 	 662.0 	 1962.7 
8.155 	 616.6 	 1868.9 
8.165 	 476.5 	 1551.1 
8.175 	 529.3 	 1447.9 
8.185 	 798.8 	 1798.6 
8.195 	 1004.2 	 2109.1 
8.205 	 985.1 	 2162.5 
8.215 	 977.7 	 2310.7 
8.225 	 942.7 	 2232.3 
8.235 	 952.1 	 1922.5 
8.245 	 841.1 	 1794.0 
8.255 	 739.7 	 1765.5 
8.265 	 831.2 	 1748.9 
8.275 	 874.8 	 1744.0 
8.285 	 826.7 	 1729.9 
8.295 	 1115.9 	 1970.9 
8.305 	 1005.1 	 1985.7 
8.315 	 813.5 	 1741.6 
8.325 	 914.4 	 1782.9 
8.335 	 1109.0 	 1998.6 
8.345 	 1194.7 	 1966.3 
8.355 	 979.1 	 1837.6 
8.365 	 1241.3 	 2178.3 
8.375 	 962.4 	 2053.5 
8.385 	 554.1 	 1693.3 
8.395 	 871.6 	 1704.9 
8.405 	 888.6 	 1740.2 
8.415 	 597.8 	 1733.9 
8.425 	 477.7 	 1658.0 
8.435 	 384.5 	 1621.7 
8.445 	 894.4 	 1682.3 
8.455 	 1031.5 	 1686.0 
8.465 	 738.1 	 1672.9 
8.475 	 869.5 	 1714.1 
8.485 	 954.0 	 1802.5 
8.495 	 1050.2 	 2111.0 
8.505 	 1096.5 	 2151.6 
8.515 	 1105.5 	 1896.1 
8.525 	 1031.5 	 1880.5 
8.535 	 974.3 	 1989.0 
8.545 	 669.3 	 1842.8 
8.555 	 830.1 	 1673.1 
8.565 	 1190.0 	 1827.2 
8.575 	 1092.5 	 2193.6 
8.585 	 912.9 	 1952.5 
8.595 	 722.9 	 1474.2 
8.605 	 741.4 	 1487.2 
8.615 	 747.7 	 1467.3 
8.625 	 756.3 	 1509.9 
8.635 	 747.5 	 1574.2 
8.645 	 734.1 	 1585.0 
8.655 	 730.1 	 1608.1 
8.665 	 720.0 	 1629.2 
8.675 	 705.6 	 1660.5 
8.685 	 693.7 	 1684.6 
8.695 	 681.1 	 1676.7 
8.705 	 664.1 	 1660.7 
8.715 	 538.5 	 1582.9 
8.725 	 364.3 	 1534.2 
8.735 	 331.4 	 1601.5 
8.745 	 350.4 	 1594.3 
8.755 	 361.2 	 1536.0 
8.765 	 376.5 	 1490.4 
8.775 	 366.0 	 1376.1 
8.785 	 363.4 	 1339.4 
8.795 	 388.4 	 1405.0 
8.805 	 384.6 	 1474.7 
8.815 	 352.4 	 1455.7 
8.825 	 368.4 	 1513.8 
8.835 	 402.6 	 1590.1 
8.845 	 419.6 	 1543.4 
8.855 	 431.3 	 1533.2 
8.865 	 439.2 	 1556.3 
8.875 	 446.1 	 1610.2 
8.885 	 451.6 	 1691.4 
8.895 	 462.0 	 1813.4 
8.905 	 473.6 	 1945.2 
8.915 	 480.4 	 2039.1 
8.925 	 481.8 	 2132.7 
8.935 	 485.2 	 2236.5 
8.945 	 527.6 	 2286.0 
8.955 	 592.3 	 2207.0 
8.965 	 550.0 	 1796.6 
8.975 	 473.6 	 1349.4 
8.985 	 463.2 	 1222.8 
8.995 	 439.1 	 1221.4 
9.005 	 486.2 	 1281.8 
9.015 	 541.6 	 1296.5 
9.025 	 564.7 	 1352.4 
9.035 	 596.1 	 1587.1 
9.045 	 597.8 	 1752.6 
9.055 	 611.4 	 1792.7 
9.065 	 624.0 	 1816.6 
9.075 	 630.3 	 1853.9 
9.085 	 623.1 	 1869.9 
9.095 	 598.9 	 1845.8 
9.105 	 598.9 	 1734.2 
9.115 	 636.5 	 1500.3 
9.125 	 761.9 	 1635.9 
9.135 	 948.1 	 1866.1 
9.145 	 1017.7 	 1862.7 
9.155 	 1004.7 	 1970.5 
9.165 	 1029.7 	 2296.8 
9.175 	 910.3 	 1829.3 
9.185 	 841.5 	 1108.2 
9.195 	 948.8 	 1106.7 
9.205 	 937.6 	 1153.6 
9.215 	 885.4 	 1221.8 
9.225 	 869.8 	 1239.4 
9.235 	 857.5 	 1263.3 
9.245 	 836.8 	 1292.3 
9.255 	 827.3 	 1330.8 
9.265 	 836.0 	 1371.3 
9.275 	 818.6 	 1386.4 
9.285 	 771.0 	 1393.7 
9.295 	 743.4 	 1470.3 
9.305 	 807.4 	 1668.1 
9.315 	 872.7 	 2494.4 
9.325 	 854.7 	 3207.5 
9.335 	 944.1 	 3330.8 
9.345 	 956.5 	 3276.1 
9.355 	 816.4 	 2901.2 
9.365 	 801.6 	 2299.7 
9.375 	 790.1 	 1955.7 
9.385 	 752.7 	 2043.2 
9.395 	 788.5 	 2150.4 
9.405 	 841.0 	 2141.5 
9.415 	 854.1 	 2141.5 
9.425 	 856.7 	 2576.9 
9.435 	 706.8 	 2872.3 
9.445 	 519.1 	 2203.6 
9.455 	 499.0 	 1595.2 
9.465 	 523.8 	 1589.8 
9.475 	 560.7 	 1588.3 
9.485 	 592.1 	 1583.8 
9.495 	 602.5 	 1574.4 
9.505 	 606.3 	 1573.7 
9.515 	 608.0 	 1587.9 
9.525 	 604.5 	 1596.2 
9.535 	 602.9 	 1595.5 
9.545 	 603.6 	 1588.8 
9.555 	 600.9 	 1581.2 
9.565 	 579.2 	 1569.3 
9.575 	 539.0 	 1540.6 
9.585 	 506.6 	 1527.2 
9.595 	 491.1 	 1572.2 
9.605 	 686.8 	 2316.3 
9.615 	 765.3 	 2993.3 
9.625 	 753.4 	 2973.8 
9.635 	 724.2 	 2760.0 
9.645 	 607.5 	 2806.9 
9.655 	 663.7 	 2944.1 
9.665 	 767.7 	 2784.8 
9.675 	 795.0 	 2673.8 
9.685 	 712.3 	 2581.7 
9.695 	 637.5 	 2585.3 
9.705 	 587.7 	 2753.9 
9.715 	 863.5 	 2883.1 
9.725 	 846.2 	 2273.1 
9.735 	 482.2 	 1663.7 
9.745 	 457.4 	 1694.3 
9.755 	 516.0 	 1690.1 
9.765 	 549.4 	 1620.3 
9.775 	 503.4 	 1584.1 
9.785 	 469.7 	 1567.6 
9.795 	 496.4 	 1555.2 
9.805 	 528.6 	 1537.4 
9.815 	 554.2 	 1532.1 
9.825 	 561.4 	 1500.7 
9.835 	 574.5 	 1451.8 
9.845 	 600.2 	 1407.0 
9.855 	 631.6 	 1391.7 
9.865 	 651.0 	 1388.4 
9.875 	 662.0 	 1377.3 
9.885 	 667.6 	 1366.4 
9.895 	 665.8 	 1359.3 
9.905 	 663.6 	 1357.3 
9.915 	 667.0 	 1349.3 
9.925 	 665.1 	 1339.7 
9.935 	 662.5 	 1345.4 
9.945 	 663.8 	 1352.6 
9.955 	 664.9 	 1364.1 
9.965 	 667.7 	 1385.1 
9.975 	 --undefined-- 	 --undefined-- 
9.985 	 --undefined-- 	 --undefined-- 
9.995 	 --undefined-- 	 --undefined-- 
